0
0
0
0
0
0
0
0
0
0
0
0
0
0
0
0
0
0
0
0
0
0
0
0
0
0
0
0
0
0
0
0
0
0
0
0
0
0
0
0
0
0
0
149
149
136
140
139
140
145
151
167
181
194
202
203
200
152
153
140
0
0
0
0
0
186
176
177
172
164
152
146
139
132
128
121
111
110
93
89
124
126
133
134
158
204
224
207
210
206
209
214
218
222
226
226
227
230
234
239
247
250
253
250
239
226
0
0
0
0
0
0
0
0
0
0
0
0
0
0
0
0
0
0
0
0
0
0
0
206
172
171
165
158
155
154
154
158
167
169
176
182
179
170
152
0
0
0
0
0
0
231
198
168
164
167
163
156
150
145
135
125
116
105
0
0
0
160
161
173
186
199
208
215
225
234
240
245
246
241
231
210
204
193
0
0
0
0
0
0
0
0
239
236
220
215
206
197
186
181
178
176
172
171
167
163
161
160
158
153
145
135
128
119
0
0
0
0
0
0
0
0
0
0
0
0
0
157
155
154
151
149
149
150
151
151
149
148
145
139
131
0
0
0
0
240
224
222
218
203
106
104
104
106
201
210
219
220
216
245
221
231
245
253
256
260
262
262
264
264
263
264
264
264
265
266
268
269
271
270
270
265
254
247
239
233
229
229
230
232
234
234
233
231
228
224
218
212
205
193
185
185
179
174
168
161
155
146
140
135
132
128
117
111
110
108
103
106
109
104
104
0
0
0
0
0
0
0
0
0
0
0
0
0
0
0
118
116
137
136
113
132
120
136
132
114
139
120
122
123
128
121
