0
0
0
0
0
0
0
0
0
0
0
0
0
0
0
0
0
0
0
0
0
0
0
0
0
0
0
0
0
0
0
0
0
0
0
0
0
0
0
0
0
0
0
0
0
0
0
0
0
0
0
0
0
0
0
0
0
0
0
0
0
0
0
0
0
0
0
0
0
0
0
0
0
0
0
0
0
0
0
0
0
0
0
0
0
193
206
222
231
236
237
229
232
230
226
218
204
186
168
174
193
200
199
173
166
147
140
133
137
132
0
0
196
199
196
189
185
180
179
178
177
176
173
170
168
167
167
169
171
171
173
174
175
172
164
155
141
142
146
159
161
160
157
154
150
148
142
135
123
126
0
0
0
0
0
0
0
0
0
0
0
175
187
196
193
190
190
189
185
183
179
178
179
179
178
176
173
169
165
161
135
121
0
0
0
0
0
179
178
175
171
170
168
151
145
143
139
133
124
115
105
86
96
98
122
128
123
131
180
199
217
168
147
151
146
143
143
138
0
0
0
0
0
0
0
0
0
0
0
0
165
164
168
168
165
161
156
152
149
144
143
142
138
134
131
121
121
117
119
62
61
62
63
69
141
130
128
128
124
125
127
126
125
121
119
127
124
121
122
122
0
0
0
0
0
0
163
157
158
155
144
133
131
128
122
117
129
123
123
120
131
0
0
0
0
0
0
0
0
0
0
0
0
169
142
140
140
138
136
133
130
126
118
112
112
0
0
0
0
0
0
0
0
0
0
84
97
102
103
105
103
102
96
131
137
124
128
149
151
164
172
185
184
183
181
179
176
176
175
174
173
172
175
176
176
176
175
174
171
170
167
163
157
152
139
133
134
130
132
138
144
153
157
161
160
158
158
158
158
156
156
155
154
157
151
148
146
144
142
140
129
126
121
104
0
0
0
150
155
154
144
139
135
129
127
121
118
115
112
112
111
109
110
114
115
114
113
111
109
105
99
98
99
0
0
0
0
0
0
0
0
0
0
0
0
0
0
0
0
0
0
0
0
0
0
0
0
0
0
0
0
0
0
0
0
0
0
0
0
0
0
0
0
0
0
0
0
0
0
0
0
0
0
0
0
0
0
0
0
0
0
0
0
0
0
0
0
0
0
0
0
0
0
0
0
0
0
0
0
0
0
0
0
0
0
0
0
0
0
0
0
0
