0
0
0
0
0
0
0
0
0
0
0
0
0
0
0
110
124
131
123
114
125
118
126
117
119
126
126
121
117
140
126
126
129
0
0
0
0
0
0
0
0
0
0
0
0
0
0
0
0
0
0
0
0
0
0
165
163
174
181
188
195
199
203
206
207
208
208
207
206
204
203
202
200
198
196
195
193
190
190
187
184
181
177
174
172
169
162
158
154
152
150
147
144
140
132
122
124
0
0
0
0
0
0
173
148
147
146
145
145
145
145
149
150
146
142
143
141
148
144
143
143
144
143
140
132
121
122
0
0
0
0
0
0
0
0
0
0
153
129
123
121
123
127
134
137
136
132
128
125
113
118
112
105
104
99
101
109
98
102
111
108
115
0
0
0
0
181
165
145
138
129
128
126
126
129
135
130
141
138
141
141
141
142
141
140
137
137
135
135
134
132
129
125
121
116
113
77
100
117
127
139
118
113
127
0
0
0
167
143
136
129
128
125
124
124
123
124
124
123
124
125
123
123
128
127
124
121
120
119
118
117
117
113
112
111
109
109
107
106
104
99
106
105
106
105
104
104
100
105
101
102
92
91
106
100
117
113
109
111
0
0
0
0
0
0
0
0
0
0
0
0
0
0
0
0
0
0
0
0
0
0
0
0
0
0
0
0
0
0
0
0
0
0
0
0
0
0
0
0
0
0
0
0
0
0
0
0
0
0
0
0
0
0
0
0
0
0
0
0
0
0
