0
0
0
0
0
0
0
0
0
0
0
0
0
0
0
0
0
0
0
0
0
0
0
0
0
0
0
0
0
0
0
0
0
0
0
0
0
0
0
0
0
0
0
0
0
0
0
0
0
0
0
0
0
0
0
0
0
0
0
0
0
0
0
0
0
0
210
183
180
182
181
180
175
174
147
121
126
118
123
121
145
131
171
187
200
199
197
200
203
205
212
203
208
210
212
213
215
213
209
205
203
200
198
199
206
201
198
194
189
186
181
179
175
175
170
166
166
166
166
169
171
177
180
180
179
180
181
183
184
187
191
195
196
195
193
186
181
183
183
181
178
174
172
166
156
147
128
131
0
0
0
0
0
0
0
0
0
0
0
0
0
201
161
153
146
137
132
126
122
119
117
117
112
0
0
0
0
0
0
0
0
0
0
0
0
0
146
145
150
149
147
146
145
143
142
145
145
143
143
143
143
142
141
141
141
139
138
137
138
138
139
139
140
141
142
149
170
178
185
185
187
188
188
190
193
196
197
197
196
194
190
184
175
160
126
126
179
182
185
181
0
0
0
0
0
0
173
165
144
140
142
142
141
139
137
133
124
133
118
116
122
132
132
148
142
142
119
122
123
123
125
128
131
133
132
133
130
130
131
119
116
116
126
125
124
120
115
109
107
0
0
0
0
0
0
0
0
0
0
143
141
128
114
111
109
106
105
100
96
101
101
0
0
0
0
0
0
0
0
0
0
0
0
0
0
0
0
0
0
0
0
0
0
0
0
0
0
0
0
0
0
0
0
0
0
0
0
0
0
0
0
0
0
0
107
113
119
116
106
122
118
107
112
128
117
115
117
111
115
106
0
0
0
0
0
0
0
0
0
0
