0
0
0
0
0
0
0
0
0
0
0
0
0
0
0
0
0
0
0
0
0
0
0
0
0
0
0
0
0
0
0
0
0
0
0
0
0
0
0
0
0
0
0
0
0
0
0
0
0
0
0
0
0
0
0
0
0
0
0
0
0
0
0
0
0
0
0
0
0
0
0
0
0
0
0
0
0
0
126
157
158
162
164
170
176
186
187
184
178
179
178
175
171
160
145
0
0
0
0
0
0
0
189
180
175
169
161
149
134
128
126
147
130
119
124
109
123
0
0
0
168
169
169
170
170
166
164
163
165
165
163
156
135
128
127
128
132
119
145
171
165
163
149
152
150
147
144
144
145
147
148
148
148
148
147
147
147
144
142
140
138
136
136
135
134
134
135
138
145
157
162
163
163
159
157
157
158
159
160
159
162
165
165
165
164
165
165
164
153
156
152
152
150
149
146
144
145
142
138
135
128
117
0
0
0
0
0
0
0
0
0
0
0
0
0
0
0
0
0
0
0
171
166
165
164
162
161
157
154
149
141
135
125
119
111
105
0
0
0
0
0
0
0
0
0
0
0
141
134
131
127
122
125
126
127
126
123
119
118
124
114
115
0
0
0
0
0
0
146
151
155
157
156
152
149
144
141
138
134
0
0
0
0
0
0
0
0
0
0
0
171
155
146
142
142
139
138
135
133
131
126
120
112
112
110
132
131
134
136
135
131
128
121
124
123
121
121
121
122
122
123
123
123
126
127
129
131
132
133
133
131
129
130
129
127
126
122
119
116
114
113
0
0
0
0
0
0
0
0
0
0
0
0
0
0
0
0
0
0
0
0
0
0
0
0
145
139
133
121
127
124
119
121
118
115
109
113
119
126
134
140
143
147
148
147
145
145
144
145
142
135
131
131
132
135
137
138
135
132
132
130
129
128
128
127
125
125
123
115
113
114
111
105
100
101
98
103
108
103
0
0
0
0
0
0
0
154
144
142
138
137
138
137
136
135
135
134
132
130
128
128
125
124
123
124
123
122
122
121
120
120
119
117
114
110
107
107
106
106
107
106
99
95
97
99
99
94
91
95
95
0
0
0
0
0
0
0
0
0
0
0
0
0
0
0
0
0
0
0
0
0
0
0
0
0
0
0
0
0
0
0
0
0
0
0
0
0
0
0
0
0
0
0
0
0
0
0
0
0
0
0
0
0
0
0
0
0
0
0
0
