0
61
58
62
64
60
62
62
62
63
62
67
68
66
68
58
58
59
62
62
57
65
63
59
61
61
61
57
60
65
0
0
0
0
0
0
116
120
112
120
128
117
124
124
119
126
119
123
113
0
0
0
0
0
0
0
0
0
0
0
0
0
0
0
0
0
0
0
0
0
0
0
0
0
0
0
0
0
0
0
0
0
0
0
0
0
0
0
0
0
0
0
0
0
0
0
0
0
0
0
147
141
141
140
140
146
149
142
136
138
137
136
136
137
137
139
141
143
145
150
153
158
161
164
168
172
177
180
182
183
185
201
195
194
192
193
194
194
195
194
193
192
192
193
193
192
191
189
188
185
182
179
177
175
172
170
168
168
167
167
166
161
158
153
147
142
127
119
116
0
0
0
0
149
144
144
143
142
142
138
135
132
127
122
113
114
0
0
0
0
0
0
0
0
0
0
0
0
0
0
0
0
0
0
0
126
129
139
145
149
151
149
148
148
148
147
147
147
145
143
142
141
140
138
138
139
138
136
138
137
137
138
137
135
134
132
127
121
114
107
91
94
99
118
78
106
83
121
122
125
112
119
123
113
112
134
125
127
121
118
114
117
125
110
150
142
165
161
152
149
139
131
126
124
126
125
124
120
116
121
117
105
107
0
0
0
0
0
0
0
0
0
0
0
0
0
0
0
0
0
0
0
0
0
149
144
151
150
146
141
138
141
140
138
137
135
134
132
128
120
110
98
95
115
106
114
124
116
120
116
64
126
150
148
126
121
115
113
112
109
107
105
106
106
106
102
100
103
105
104
0
0
0
0
0
0
0
0
0
0
0
0
0
0
0
0
0
0
149
151
145
141
138
135
133
130
129
126
126
122
120
118
116
115
116
115
115
115
116
115
112
111
111
111
110
109
117
114
123
123
132
132
123
117
135
126
0
0
0
0
0
0
0
0
0
0
0
0
0
0
0
0
0
0
0
0
0
0
0
0
0
0
0
0
0
0
0
0
0
0
0
0
0
0
0
0
0
0
0
161
151
159
168
171
170
166
160
159
158
157
157
155
155
155
154
152
151
150
147
146
144
143
141
140
142
144
143
140
138
139
135
134
130
128
127
125
124
122
121
119
118
119
119
118
113
110
107
106
106
104
100
97
115
123
129
145
119
135
131
119
116
112
111
109
110
103
96
91
0
0
0
0
0
0
0
0
0
0
0
0
0
0
0
0
154
137
134
124
119
114
107
99
97
102
106
106
109
110
109
109
106
105
103
105
113
119
131
134
134
132
131
130
127
124
121
116
111
104
102
108
114
119
124
132
137
134
128
125
123
122
122
122
121
124
124
122
120
119
118
117
115
114
113
106
109
109
110
109
107
108
111
107
103
103
101
100
0
0
0
0
0
0
0
0
0
0
0
0
0
0
0
0
0
0
0
0
0
0
0
0
0
0
0
0
0
0
0
0
0
0
0
0
0
0
0
0
0
0
0
0
0
0
0
0
0
0
0
0
0
0
0
0
0
0
0
0
0
0
0
0
0
0
0
0
0
0
0
0
0
0
0
0
0
0
0
0
0
0
0
0
0
0
0
0
0
0
0
0
0
