115
0
0
0
0
0
0
0
0
0
0
0
0
0
0
0
0
0
0
0
0
0
0
0
0
0
0
0
0
0
0
0
0
0
0
0
0
0
0
0
0
0
0
0
0
0
0
0
0
0
0
0
0
0
0
0
0
0
0
0
0
0
0
0
0
0
0
0
0
175
137
139
138
139
137
134
131
128
124
127
145
181
174
174
174
174
170
165
165
164
164
167
169
173
173
173
173
154
168
166
163
161
160
152
144
139
135
136
134
138
144
147
148
150
152
150
147
146
146
145
143
145
145
145
144
144
146
147
147
146
146
146
143
137
134
131
125
118
118
126
133
132
129
130
131
133
134
139
143
145
146
146
145
144
144
143
141
139
136
133
132
131
131
130
125
128
127
127
127
128
125
122
121
122
122
122
120
120
119
117
116
118
118
111
107
0
0
0
0
0
0
0
0
0
0
176
144
133
129
127
122
126
127
128
129
128
126
125
123
125
125
126
128
130
134
137
138
137
134
131
129
130
130
130
129
127
125
125
125
124
125
127
129
131
133
133
134
135
136
139
143
149
155
156
154
152
152
152
150
150
150
148
146
146
145
146
143
143
142
142
138
134
127
133
133
132
125
128
136
124
120
123
123
121
119
116
115
108
104
111
0
0
0
0
0
0
0
0
0
0
0
0
0
0
0
0
0
0
173
158
151
147
143
140
136
135
134
128
125
127
128
129
129
129
129
129
128
126
121
115
106
0
0
0
0
0
0
0
0
0
0
0
137
157
139
134
130
129
127
128
130
141
147
125
133
132
135
131
139
126
119
129
128
132
135
139
142
142
144
147
146
145
146
146
145
143
136
138
137
137
136
135
134
136
132
132
131
131
129
126
120
116
115
114
113
111
118
124
127
131
137
139
140
139
141
139
137
135
133
134
132
131
128
125
126
123
120
112
119
120
120
120
118
115
114
96
0
0
0
0
0
0
0
0
0
0
0
0
0
0
151
152
141
139
136
131
129
126
126
125
125
124
119
110
106
0
0
0
0
0
0
0
0
0
0
0
0
142
132
110
106
98
0
0
0
0
0
0
0
0
0
0
0
0
0
0
0
0
0
0
0
0
0
183
146
136
129
123
117
115
112
112
113
114
112
116
117
117
115
118
117
113
110
99
144
140
144
0
0
0
0
0
83
77
77
83
86
89
84
82
83
82
83
85
93
116
110
111
116
118
127
111
111
118
123
110
111
124
106
107
106
122
108
107
115
117
114
133
115
113
118
0
0
0
0
0
0
0
0
0
0
0
0
0
0
0
0
0
0
0
0
0
0
0
0
0
0
0
0
0
0
0
0
0
0
0
0
0
0
0
0
0
0
0
0
0
0
0
0
0
0
0
0
0
0
0
0
