0
0
0
0
0
0
0
0
0
0
0
0
0
0
0
0
0
0
0
0
0
0
0
0
0
0
0
0
0
0
0
0
0
0
0
0
0
0
0
0
0
0
0
0
0
0
0
0
0
0
0
0
0
0
256
260
247
251
256
259
261
264
272
272
269
263
255
245
229
195
175
166
0
0
229
237
237
232
231
226
220
213
205
201
193
189
188
183
174
163
0
0
0
0
0
0
0
196
185
188
181
180
167
161
153
148
135
132
141
0
0
0
0
0
0
0
0
0
0
0
0
0
0
141
135
138
149
168
174
177
177
175
174
173
171
171
170
171
169
170
169
169
168
155
166
164
166
165
162
162
161
159
156
156
156
155
156
157
159
157
151
146
152
148
144
143
141
139
136
135
132
125
122
124
128
139
146
141
137
132
124
115
116
116
119
125
131
134
130
114
112
118
0
0
0
0
147
141
137
129
132
126
123
123
124
123
122
118
114
117
112
101
113
121
139
123
0
0
0
0
0
0
0
0
168
139
129
117
114
111
108
108
106
109
102
96
95
90
86
87
0
0
0
0
0
0
0
0
0
0
0
0
0
0
0
0
0
0
0
0
0
0
0
0
0
0
0
0
0
0
0
0
0
0
0
0
0
0
0
0
0
0
0
0
0
0
0
0
0
0
0
0
0
0
0
0
0
0
0
0
0
0
0
0
0
0
