0
0
0
0
0
0
0
0
0
0
0
0
0
0
0
0
0
0
0
0
0
0
0
0
0
0
0
0
0
0
0
0
0
0
0
0
0
0
0
0
0
0
0
0
0
0
0
0
0
0
0
97
86
84
162
168
170
172
174
182
189
189
190
192
193
195
194
184
165
151
0
0
0
0
0
0
0
0
171
177
194
192
196
213
183
180
191
198
200
195
191
180
175
169
164
161
160
158
155
155
154
152
151
148
147
147
151
156
161
168
168
167
164
159
149
135
133
125
132
135
140
134
136
143
137
137
149
155
149
162
169
171
181
192
196
200
205
209
215
219
217
216
212
196
191
0
0
0
0
0
0
0
0
0
0
0
0
0
0
0
0
0
0
0
0
0
0
0
0
0
0
0
0
0
0
0
0
0
0
0
0
0
0
0
0
0
0
0
0
0
0
0
110
117
118
124
122
120
117
129
120
109
95
84
0
0
0
0
58
61
69
58
57
61
64
64
66
