0
0
0
0
0
0
0
0
0
0
0
0
0
0
0
0
0
0
0
0
0
0
0
0
0
0
0
0
0
0
0
0
0
0
0
0
0
0
0
0
0
0
0
0
0
0
0
0
0
0
0
0
0
0
0
0
0
0
0
0
0
0
0
162
167
189
208
232
251
261
266
271
270
267
262
254
244
234
233
198
226
207
225
237
243
243
242
243
245
243
241
240
234
227
211
0
0
0
0
0
0
0
0
0
0
199
201
199
192
184
177
171
169
169
166
162
155
152
151
151
150
148
146
143
144
141
139
135
135
134
0
0
0
0
0
0
0
0
195
161
162
162
159
158
158
159
156
154
152
143
156
154
154
154
158
160
163
166
170
186
184
190
193
194
173
200
198
200
198
196
194
188
181
160
0
0
0
0
0
0
0
0
0
0
200
181
184
179
168
129
119
125
130
0
0
0
0
0
0
0
0
0
0
0
0
0
0
0
0
0
0
222
202
193
192
190
185
182
175
169
166
159
149
133
129
0
0
0
0
0
140
159
155
142
126
126
0
0
0
0
0
0
0
146
144
151
155
155
155
147
141
133
129
125
122
120
119
116
112
109
106
101
100
102
94
103
0
0
0
0
0
0
0
0
0
0
0
0
0
0
0
0
0
0
0
0
0
0
0
0
0
0
0
0
0
0
0
0
0
0
0
0
0
0
0
0
0
0
0
0
0
0
0
0
0
0
0
0
0
0
0
0
0
0
