0
0
0
0
0
0
0
0
0
0
0
0
0
0
0
0
0
0
0
0
0
0
0
0
0
0
0
0
0
0
0
0
0
0
0
0
0
0
0
0
0
0
0
0
0
0
0
0
0
0
0
0
0
0
174
172
167
152
134
118
0
0
0
0
0
0
0
0
0
0
0
0
0
0
0
0
0
0
0
200
211
225
235
235
233
229
221
214
209
208
207
202
198
191
187
182
176
168
169
181
205
228
192
172
185
179
195
199
192
157
179
192
199
207
218
223
231
230
202
185
177
174
168
180
176
202
206
219
242
255
252
246
240
231
222
209
191
184
214
209
218
219
227
227
218
204
218
216
219
218
0
0
206
193
184
175
170
166
164
165
166
166
165
166
166
167
167
168
171
172
174
174
176
177
177
176
175
174
172
167
167
166
166
166
167
168
171
175
179
178
184
188
190
204
204
205
216
215
215
200
154
142
0
0
0
0
0
0
0
0
0
0
0
0
0
0
0
0
0
175
174
183
182
191
179
181
180
180
179
180
180
180
182
188
195
199
200
202
204
207
208
206
205
204
201
198
195
194
192
188
186
184
178
175
175
170
165
145
169
163
159
151
136
117
107
101
91
87
85
86
88
83
83
83
79
0
0
0
0
0
0
0
0
0
0
0
0
0
0
0
0
0
0
0
0
0
0
0
0
0
0
0
0
0
0
0
0
0
0
0
0
0
0
0
0
0
0
