0
0
0
0
0
0
0
0
0
0
0
0
0
0
0
0
0
0
0
0
0
0
0
0
0
0
0
0
0
0
0
0
0
0
0
0
0
0
0
0
0
0
0
0
0
0
0
0
0
0
0
0
0
0
219
242
263
267
273
272
269
262
257
249
239
235
226
214
206
205
206
206
203
202
201
198
193
189
184
179
170
166
153
152
150
152
149
145
142
138
132
126
116
0
0
0
0
0
0
0
0
0
0
0
0
0
0
0
196
195
193
189
185
181
176
168
158
150
142
130
0
0
0
0
0
0
0
0
0
0
0
0
0
0
0
0
0
0
0
0
0
202
168
167
156
149
143
139
138
136
136
134
132
128
121
122
110
93
86
126
111
104
103
103
106
0
0
0
0
0
0
0
0
0
0
0
149
155
163
164
159
153
150
147
145
142
141
143
140
130
123
116
114
124
123
111
141
127
139
137
137
134
130
126
119
114
94
93
97
107
118
120
120
117
95
89
100
99
131
126
105
117
110
141
176
170
163
160
161
160
158
153
147
136
135
120
108
112
123
0
0
0
0
0
0
0
0
0
0
0
0
170
164
159
147
143
141
140
140
139
135
124
116
114
0
0
0
0
0
0
0
0
0
0
166
157
148
136
120
119
112
117
106
106
103
106
113
122
125
126
124
124
124
126
126
126
127
126
126
125
123
122
120
121
122
124
127
130
134
136
133
132
122
123
120
118
116
112
109
106
103
104
105
104
101
98
96
97
101
0
0
0
0
0
0
0
0
0
0
0
0
0
0
0
0
0
0
0
0
0
0
0
0
0
0
0
0
0
0
0
0
0
0
0
0
0
0
0
0
0
0
0
0
0
0
0
0
0
0
0
0
0
0
0
0
0
0
0
0
0
0
0
0
0
0
0
0
0
0
0
0
0
0
0
0
0
0
0
0
0
