0
0
0
0
0
0
0
0
0
0
0
0
0
0
0
0
0
0
0
0
0
0
0
0
0
0
0
0
0
0
0
0
0
0
0
0
0
0
0
0
0
0
0
0
0
0
0
0
0
0
0
0
0
0
0
0
486
468
471
469
470
476
0
0
0
0
0
0
0
172
183
194
197
200
203
207
206
204
207
216
218
217
214
212
209
210
210
208
204
201
197
193
195
194
194
193
194
195
195
196
195
198
199
199
202
195
195
192
185
182
180
178
178
181
178
177
171
169
168
168
169
170
170
172
173
171
167
168
169
167
166
164
162
159
158
157
155
153
152
152
153
154
156
159
161
161
161
155
154
153
152
151
150
150
150
150
150
151
151
152
151
150
149
149
149
147
146
145
145
143
140
141
143
143
142
141
141
141
140
140
141
146
144
138
136
135
134
133
134
134
132
128
125
128
123
119
120
120
113
115
113
113
112
108
106
105
106
105
101
103
102
100
96
94
93
85
82
96
100
107
99
0
0
0
0
0
0
0
0
0
0
0
0
0
0
0
0
0
0
0
0
0
0
0
0
0
0
0
0
0
0
0
0
0
0
0
0
0
0
0
0
0
0
0
0
0
0
0
0
0
0
0
0
0
0
0
0
0
0
0
0
0
0
0
0
0
0
0
0
0
0
0
0
0
0
0
0
0
0
0
0
0
0
0
0
