0
0
0
0
0
0
0
0
0
0
0
0
0
0
0
0
0
0
0
0
0
0
0
0
0
0
0
0
0
0
0
0
0
0
0
0
0
0
0
0
0
0
0
0
0
0
0
0
0
0
0
0
0
0
0
0
0
0
0
0
0
0
0
0
0
0
0
0
0
0
0
0
0
0
0
0
220
172
182
184
184
184
184
185
184
183
173
161
162
180
182
185
183
182
183
171
169
169
0
0
0
0
0
0
0
168
172
183
204
217
225
227
229
229
226
220
214
210
207
205
204
204
203
203
203
203
204
208
213
213
214
212
213
215
217
217
214
213
213
214
216
220
224
227
231
232
234
235
238
240
243
244
243
239
233
224
214
204
175
141
137
134
136
0
0
0
0
0
0
0
0
0
0
0
0
0
0
0
249
214
206
206
207
207
210
211
213
215
215
215
220
232
230
232
230
228
225
212
215
215
216
216
214
213
213
214
212
210
205
199
208
220
184
195
189
156
162
162
155
151
153
163
160
146
156
162
144
0
0
0
0
0
0
0
0
0
0
169
164
159
160
157
151
146
138
133
128
122
118
122
126
149
167
172
172
164
165
168
168
170
173
171
170
171
169
163
140
0
0
0
0
0
0
0
0
0
0
176
166
162
158
155
148
140
131
122
0
0
0
0
0
170
164
160
144
175
165
158
150
144
134
117
121
125
128
130
132
133
132
130
128
126
127
131
138
149
154
156
154
146
143
144
146
151
154
149
134
133
132
132
133
134
134
131
127
125
118
103
0
0
0
0
0
0
0
0
0
0
0
0
0
0
0
0
0
0
0
0
0
0
0
0
0
0
0
0
0
0
0
0
0
0
0
0
0
0
0
0
0
0
0
0
0
0
0
0
0
0
0
0
0
0
0
0
0
0
0
0
0
0
0
0
0
0
0
0
0
0
0
0
0
0
0
0
0
0
0
0
0
