0
0
0
0
0
0
0
0
0
0
0
0
0
0
0
0
0
0
0
0
0
0
0
0
0
0
0
0
0
0
0
0
0
0
0
0
0
0
0
0
0
0
0
0
0
0
0
0
0
0
0
0
0
0
0
0
0
0
0
146
142
104
134
136
135
138
144
160
168
167
167
171
175
183
190
198
203
207
209
213
208
203
195
173
168
172
166
181
154
156
160
163
166
169
172
171
172
171
173
173
173
172
173
173
164
164
163
162
163
166
166
168
168
167
168
167
164
160
157
151
155
153
151
151
154
156
152
149
149
146
145
151
149
151
152
144
150
149
147
145
144
144
152
147
147
144
144
144
148
151
151
153
154
146
153
152
153
155
157
159
160
161
164
176
183
185
188
190
193
196
198
194
184
165
145
138
137
132
134
149
139
117
110
97
103
121
117
95
108
177
170
166
162
156
142
143
138
139
154
162
152
145
147
129
129
119
112
109
105
127
136
124
160
143
163
169
163
166
79
76
76
75
88
86
88
85
82
80
74
68
64
63
0
0
0
0
0
0
0
0
0
0
0
0
0
0
0
0
0
0
0
0
0
0
0
0
0
0
0
131
142
151
160
160
160
161
162
162
163
162
161
159
158
157
157
157
158
156
154
149
146
140
133
130
131
144
140
126
0
0
0
155
149
138
129
124
117
112
109
100
102
111
120
114
115
110
114
0
0
180
172
168
162
159
156
152
146
142
140
136
135
135
129
128
131
135
140
145
148
145
142
138
130
120
121
0
0
0
0
0
0
0
0
0
0
156
163
152
151
145
141
139
138
143
141
138
139
138
137
136
135
134
134
133
133
131
130
130
128
129
125
116
114
0
0
0
0
0
160
135
132
129
122
117
113
111
107
108
107
106
104
102
105
93
0
0
0
0
0
0
0
0
0
0
0
0
0
0
0
0
0
0
0
0
0
0
0
0
0
0
0
0
0
0
0
0
0
0
0
0
0
0
0
0
0
0
0
0
0
0
0
0
0
0
0
0
0
0
0
0
0
0
0
0
0
0
0
0
0
0
0
0
0
0
0
0
0
0
0
0
0
0
0
0
0
0
0
0
0
0
0
0
0
