0
64
59
61
66
66
59
59
68
66
56
62
71
59
64
63
59
58
60
63
62
121
124
123
112
114
154
131
119
131
121
133
100
127
128
142
111
115
131
125
117
126
125
126
123
129
118
120
139
117
113
115
131
130
116
119
143
124
0
0
0
0
0
0
0
0
0
0
0
0
0
0
0
0
0
0
0
0
0
0
0
0
0
242
245
219
194
178
164
153
141
131
129
104
122
126
0
0
0
0
0
0
0
0
191
179
174
175
164
157
156
158
159
163
164
168
177
184
192
199
208
210
208
206
0
0
0
0
0
0
0
0
0
0
0
0
0
0
0
0
0
0
0
0
0
0
0
0
0
0
0
0
0
0
0
0
166
144
139
134
132
130
130
129
130
133
138
144
154
160
148
138
134
0
0
0
0
0
0
0
0
224
233
190
188
182
167
155
141
131
127
119
106
109
0
0
0
0
0
0
0
0
0
0
0
0
152
180
189
188
189
190
192
196
198
190
177
157
157
0
0
0
0
0
0
0
0
0
283
260
253
243
228
214
202
190
178
169
156
149
141
142
144
152
150
100
114
126
113
122
116
113
110
111
116
113
0
0
0
0
0
0
0
0
0
0
0
0
0
0
0
0
0
71
69
64
69
81
69
145
149
152
149
141
138
136
0
0
0
0
0
0
125
128
117
117
109
100
104
108
116
129
115
125
115
135
140
144
140
140
152
139
166
157
158
159
171
182
188
194
203
209
213
222
229
230
236
234
236
239
240
243
245
244
240
232
218
208
198
186
174
161
150
141
137
128
122
120
121
122
122
121
121
121
121
120
119
116
115
114
116
116
121
126
138
145
155
166
178
198
203
208
215
225
230
246
253
258
265
270
282
0
0
0
0
0
0
0
0
0
0
0
0
0
0
0
0
0
0
0
0
0
0
0
0
0
0
0
0
0
0
0
0
0
0
0
0
0
0
0
0
0
0
0
0
0
0
0
0
0
0
0
0
0
0
0
0
0
