0
120
118
112
122
114
123
125
114
116
125
124
127
119
123
120
121
125
127
131
113
119
128
131
118
110
106
108
118
122
119
117
122
114
119
127
119
124
129
0
0
0
0
0
0
0
0
0
211
211
214
219
220
217
215
205
178
195
205
221
201
218
212
202
201
204
175
165
156
152
150
149
146
143
143
140
140
137
141
144
145
146
148
151
150
152
157
152
152
150
149
146
144
138
136
134
131
128
125
124
119
109
104
85
112
105
96
0
0
0
0
0
0
0
0
0
128
124
122
122
116
116
113
113
113
114
116
117
114
112
115
115
115
115
116
114
113
112
109
107
104
102
100
99
101
101
100
100
101
102
100
91
89
0
0
0
0
0
0
0
0
0
0
0
0
0
0
0
0
0
0
0
132
119
115
113
110
107
102
98
114
124
121
110
132
136
123
119
117
117
116
112
115
115
118
123
125
127
130
132
134
144
147
145
144
144
141
141
139
138
138
137
136
135
133
127
131
129
128
127
126
127
129
126
126
125
123
121
120
118
117
116
105
96
0
0
0
0
0
0
0
0
0
0
0
0
0
0
117
108
104
104
104
104
104
104
106
107
107
109
107
107
105
103
105
101
101
101
102
99
100
99
99
101
100
103
102
102
105
103
99
102
106
103
0
0
0
0
0
0
0
0
0
103
97
93
95
91
102
96
96
111
220
221
226
229
229
0
0
0
0
0
0
0
0
0
0
0
0
0
0
0
0
0
0
0
0
0
0
0
0
0
0
0
0
0
0
0
0
0
0
0
0
0
0
0
0
0
0
0
0
0
0
0
