109
117
120
114
119
118
110
114
115
134
125
125
125
123
121
114
114
60
62
60
129
144
127
125
134
134
120
122
123
129
119
132
125
129
138
128
112
113
126
124
116
118
142
135
124
111
111
117
120
123
125
122
125
108
129
125
115
116
123
144
130
110
126
0
0
0
0
0
0
0
0
0
0
0
0
0
0
0
0
0
0
0
0
0
0
0
0
0
0
0
171
164
181
177
177
178
178
179
180
185
189
192
197
201
205
207
207
203
195
195
195
191
188
185
178
170
160
149
137
132
126
121
119
116
112
0
0
69
66
68
69
61
59
126
124
125
126
125
123
121
114
114
112
114
113
114
112
112
116
115
114
111
106
99
0
0
0
0
0
0
0
0
0
0
0
134
126
110
111
117
143
126
123
110
132
127
117
153
140
121
118
118
119
120
120
123
126
130
141
151
149
146
150
155
158
163
147
164
165
164
164
173
163
164
171
171
168
161
168
174
158
150
140
138
135
0
0
0
0
0
0
0
0
0
184
165
170
169
164
147
132
149
147
130
152
0
0
0
0
0
0
0
0
0
0
0
0
0
126
123
123
121
120
119
118
117
117
116
117
118
117
117
117
117
115
113
112
111
108
106
105
105
104
105
104
104
104
104
105
104
100
103
101
105
106
111
111
0
0
0
0
0
0
0
0
0
0
0
0
0
0
0
0
0
0
0
0
0
0
0
0
0
0
0
0
0
0
0
0
0
0
0
0
0
0
0
0
0
0
0
0
0
0
0
0
0
0
0
0
0
0
0
0
0
0
0
0
0
0
0
0
0
0
0
0
0
0
0
0
0
0
