0
0
0
0
0
0
0
0
0
0
0
0
0
0
0
0
0
0
0
0
0
0
0
0
129
134
125
112
126
126
110
121
120
115
109
0
0
0
0
0
0
0
0
0
0
0
0
0
0
0
0
0
0
0
0
0
0
0
0
0
0
0
0
0
0
0
0
0
0
0
0
0
0
0
0
90
81
88
80
80
79
66
68
67
63
68
68
74
76
69
70
65
67
150
147
151
153
157
162
165
165
169
172
178
182
185
185
180
172
170
173
181
0
0
0
0
0
0
0
0
0
144
137
134
126
130
124
120
119
118
117
119
120
117
120
0
0
0
0
0
0
0
0
0
0
0
0
0
0
0
0
0
161
147
140
135
129
121
119
116
0
0
0
0
0
0
0
0
163
171
170
168
170
167
162
162
168
0
0
0
225
223
223
224
223
223
114
115
115
110
119
112
107
113
111
111
115
0
0
0
0
0
0
0
0
0
0
0
0
0
0
0
0
0
0
0
0
0
0
0
0
0
0
0
0
116
115
109
112
117
112
123
130
138
121
122
128
129
118
0
0
0
0
0
0
0
0
0
0
0
0
0
0
0
0
0
0
0
0
0
0
0
0
0
0
0
0
0
0
0
0
0
0
0
0
0
0
0
0
0
0
0
0
0
0
0
0
0
0
0
0
0
0
0
0
0
0
0
