0
0
0
0
0
0
0
0
0
0
0
0
0
0
0
0
0
0
0
0
0
0
0
0
0
0
0
0
0
0
0
0
0
0
0
0
0
0
0
0
0
0
0
0
0
0
0
0
0
0
0
0
0
0
0
0
0
0
0
0
0
0
0
0
0
0
0
0
0
0
0
0
0
0
0
0
0
0
0
0
0
0
0
0
0
0
0
0
0
0
0
0
0
0
0
0
178
177
166
147
0
0
0
0
0
0
0
193
184
176
169
156
145
133
0
0
0
0
0
0
0
0
0
0
0
0
0
0
0
148
138
137
135
135
135
135
135
135
136
138
139
139
132
134
134
135
137
137
137
134
132
130
128
127
126
127
126
126
127
129
131
134
137
139
140
142
141
138
135
137
138
137
138
137
141
142
144
142
139
137
135
132
127
123
115
142
141
115
107
124
134
141
121
119
123
125
128
130
134
133
132
131
131
131
130
128
124
124
126
126
126
121
122
121
121
120
119
119
118
116
116
121
116
115
115
115
115
117
119
119
120
119
120
120
119
116
110
99
108
147
144
112
113
123
120
108
107
0
0
0
0
0
0
0
0
118
116
114
112
110
112
113
115
117
117
118
118
116
113
113
113
111
112
110
111
108
101
105
106
0
0
0
0
0
0
0
0
0
0
0
0
160
133
128
125
124
126
130
133
135
135
133
126
126
126
122
124
125
138
138
139
139
137
132
125
119
109
113
131
135
126
124
121
116
114
117
117
115
113
112
107
104
103
126
114
147
134
145
139
122
112
116
114
114
114
113
113
113
114
114
113
112
112
110
109
111
112
111
110
109
108
108
108
107
106
105
105
105
103
101
104
105
111
112
133
141
124
109
102
102
107
109
110
97
144
133
118
125
118
120
120
118
113
111
112
110
109
107
106
105
105
104
105
106
101
0
0
0
0
0
0
0
0
0
0
0
0
0
57
60
58
59
58
58
57
0
0
0
0
0
0
0
0
0
0
0
0
0
0
0
0
0
114
106
103
100
101
100
101
105
104
100
114
117
0
0
0
0
0
0
0
0
0
0
0
0
0
0
0
0
0
0
0
0
0
0
0
0
0
0
0
0
0
0
0
0
0
0
0
0
0
0
0
0
0
0
0
0
0
0
0
0
0
0
0
0
0
0
0
0
0
0
0
0
0
0
0
0
0
0
0
0
0
0
0
0
0
0
0
0
0
0
0
0
0
0
0
0
0
0
0
0
0
0
0
0
0
0
0
0
0
0
0
0
0
0
