57
58
64
65
58
57
64
64
60
58
59
0
0
0
0
0
0
0
0
0
0
0
0
0
0
0
0
0
0
0
0
0
0
0
0
0
0
0
0
0
0
0
0
0
0
0
0
0
0
0
0
0
0
0
0
0
0
0
0
0
0
0
0
0
0
0
0
0
0
0
0
0
0
0
0
0
0
0
0
0
0
0
0
0
0
0
0
0
0
0
142
135
135
136
139
140
144
146
150
155
157
162
163
170
169
166
161
162
158
152
148
144
142
140
138
136
134
132
142
136
137
137
137
138
138
137
136
134
136
138
138
150
0
0
0
0
0
0
0
0
0
0
0
0
0
147
147
126
109
115
116
117
117
118
114
106
110
109
116
116
124
127
132
138
141
143
145
146
145
146
146
147
147
146
143
142
141
142
141
140
141
141
140
139
138
137
136
133
130
126
118
119
0
0
0
0
0
0
0
0
0
0
0
0
161
141
136
129
126
126
120
119
114
0
0
0
0
0
0
0
0
0
0
0
0
0
0
0
0
0
0
0
0
0
0
0
0
0
0
0
0
0
0
132
112
110
102
138
128
131
127
120
117
116
114
118
120
123
123
118
113
111
100
118
0
0
0
0
0
0
0
0
0
134
132
132
128
128
127
124
122
121
121
120
118
116
115
111
120
115
0
0
0
0
0
0
0
0
0
0
0
0
0
0
0
0
0
0
0
0
0
129
132
119
117
116
114
112
112
111
106
105
91
110
111
106
99
104
101
135
124
118
115
112
111
109
107
107
108
109
109
108
108
0
0
0
0
0
0
0
0
0
0
131
116
112
108
122
114
124
115
151
104
112
113
111
109
111
109
111
115
107
108
108
109
111
106
105
107
114
113
113
111
106
107
0
0
0
0
0
0
0
0
0
0
0
0
0
0
0
0
0
0
0
0
0
0
0
121
115
112
108
108
110
107
106
105
104
109
108
110
109
107
111
114
112
0
0
0
0
0
0
0
0
0
0
0
0
0
0
0
0
0
0
124
119
115
113
111
107
103
101
100
96
95
90
91
96
85
84
94
90
96
99
103
106
107
106
138
136
135
114
136
130
130
131
126
120
133
132
128
0
0
0
0
0
0
0
0
0
0
0
0
0
0
0
0
0
0
0
0
0
0
0
0
0
0
0
0
0
0
0
0
0
0
0
0
0
0
0
0
0
0
0
0
0
0
0
0
0
0
0
0
0
0
0
0
0
0
0
0
0
0
0
0
0
0
0
0
0
0
0
0
0
0
0
0
0
0
