0
0
0
0
0
0
0
0
0
0
0
0
0
0
0
0
0
0
0
0
0
0
0
0
0
0
0
0
0
0
0
0
0
0
0
0
0
0
0
0
0
0
0
0
0
0
0
0
0
0
0
0
0
0
0
0
0
0
0
0
0
0
0
0
0
0
0
0
0
0
0
0
0
0
0
0
0
0
0
0
0
0
0
0
0
0
0
0
0
0
0
0
0
0
0
0
0
0
0
0
0
0
0
0
0
0
0
0
0
162
147
145
142
137
130
128
0
0
0
0
0
0
0
0
0
0
0
145
142
139
132
129
0
0
0
0
0
0
0
0
0
0
0
0
183
178
176
173
172
173
172
174
176
176
176
177
178
170
165
160
160
0
0
0
0
0
0
0
0
0
159
142
125
119
116
116
116
114
115
115
115
117
116
118
117
118
118
119
118
119
120
122
125
128
134
136
136
137
136
135
134
135
134
135
134
132
132
132
131
129
119
124
121
120
121
124
123
120
116
115
113
111
111
109
108
108
105
97
102
128
135
133
0
0
0
0
0
0
0
0
135
131
131
134
135
133
128
130
128
127
127
124
124
121
116
115
116
108
0
0
0
0
0
0
0
0
0
0
0
0
0
0
0
0
0
120
117
110
109
108
0
0
0
0
121
118
112
105
107
107
108
113
112
112
109
107
114
110
116
118
120
129
128
125
128
129
125
121
119
0
0
0
0
0
0
0
0
0
0
0
0
0
0
0
69
58
57
65
67
69
71
70
71
65
65
61
56
54
56
58
60
66
68
75
83
88
99
106
112
114
119
121
121
121
123
125
124
122
121
119
117
115
113
112
111
111
112
110
110
110
109
109
107
102
103
104
104
104
104
110
104
101
104
104
106
104
103
108
92
117
109
108
98
103
0
0
0
0
0
0
0
0
108
111
111
110
109
111
112
111
110
110
109
105
103
103
109
0
0
0
0
0
0
0
0
139
117
114
112
111
110
109
109
107
0
0
0
0
0
0
0
0
0
129
125
122
120
117
118
112
111
110
110
110
109
104
107
109
109
110
109
109
109
108
108
108
108
106
105
104
104
102
102
102
103
104
106
114
113
105
106
0
0
0
0
0
0
0
0
0
0
0
0
134
114
109
103
102
105
105
107
107
106
108
109
109
109
108
109
109
107
108
115
105
105
108
103
103
103
109
103
108
105
105
104
108
103
105
103
105
106
105
107
112
108
101
104
0
0
0
0
0
0
0
0
0
0
0
0
0
0
0
0
0
0
0
0
0
0
0
0
0
0
0
0
0
0
0
0
0
0
0
0
0
0
0
0
0
0
0
0
0
0
0
0
0
0
0
0
0
0
0
0
0
0
0
0
0
0
0
