0
0
0
0
0
0
0
0
0
0
0
0
0
0
0
0
0
0
0
0
0
0
0
0
0
0
0
0
0
0
0
0
0
0
0
0
0
0
0
0
0
0
0
0
0
0
0
0
0
0
0
0
0
0
0
0
0
0
0
0
0
0
0
0
0
0
0
240
245
235
231
231
223
216
206
184
164
149
152
142
131
130
131
131
136
134
132
130
128
125
123
120
117
122
118
112
0
0
0
0
0
0
0
0
0
0
0
159
143
122
119
115
108
89
92
101
104
0
0
0
0
0
0
0
0
0
0
0
0
0
0
0
0
0
0
0
0
0
0
0
0
0
0
157
147
138
134
133
131
130
127
125
127
130
131
134
134
134
129
133
132
132
131
131
133
133
133
133
134
134
133
134
134
136
137
137
137
135
130
129
134
129
130
130
128
124
123
121
119
116
112
107
99
126
128
136
132
128
118
112
108
110
112
116
118
119
119
124
123
110
0
0
0
0
0
0
0
134
122
116
112
112
107
101
99
103
103
100
97
96
97
94
95
83
87
91
0
0
0
0
0
0
0
0
0
0
0
0
0
0
121
112
123
99
100
100
99
95
96
94
0
0
0
0
0
0
0
0
0
0
0
0
0
0
0
0
0
0
0
0
0
0
0
0
0
0
0
0
0
0
0
0
0
0
0
0
0
0
0
0
0
0
0
0
0
0
0
0
0
0
0
0
0
0
0
0
0
0
0
0
0
0
0
0
0
0
0
0
0
0
0
0
0
0
0
0
0
0
0
0
0
0
0
0
0
0
0
0
0
0
0
