0
0
0
0
0
0
0
0
0
0
0
0
0
0
0
0
0
0
0
0
0
0
0
0
0
0
0
0
0
0
0
0
0
0
0
0
0
0
0
0
0
0
0
0
0
0
0
0
0
0
0
134
129
112
101
93
96
97
181
175
181
187
192
190
199
207
210
210
202
0
0
0
0
0
0
0
0
0
0
0
0
0
0
0
0
0
0
0
0
233
265
262
238
243
257
281
305
274
265
313
286
281
278
273
265
253
241
220
204
196
187
190
193
198
196
232
230
196
138
151
150
147
152
154
162
173
183
185
0
0
0
0
0
0
0
0
0
392
406
443
457
468
482
493
513
528
0
0
0
0
0
0
0
0
0
0
0
0
0
0
0
0
0
0
0
0
0
0
0
0
0
0
0
0
0
0
0
0
0
0
0
0
0
0
0
0
0
0
0
0
0
0
0
0
0
0
0
0
0
0
0
0
0
0
0
0
0
0
0
0
0
0
0
0
0
0
0
0
0
0
0
0
0
0
0
0
0
0
0
0
0
0
0
0
0
0
0
0
0
0
0
0
0
0
0
0
0
