0
0
0
0
0
0
0
0
0
0
0
0
0
0
0
0
0
0
0
0
0
0
0
0
0
0
0
0
0
0
0
0
203
215
214
197
195
211
211
217
226
234
242
243
244
243
245
243
242
240
236
232
222
213
204
192
179
167
0
0
197
191
209
211
0
0
0
0
0
0
0
0
0
0
0
0
0
0
168
173
180
188
184
177
172
178
164
173
129
121
121
119
117
116
0
0
0
0
0
0
118
117
114
116
0
0
0
0
0
0
0
0
0
0
0
0
0
0
0
0
0
0
0
0
0
0
0
0
0
0
0
0
174
190
193
191
192
193
194
197
199
202
205
205
205
210
210
202
203
211
201
213
0
0
0
0
0
207
182
165
152
149
137
134
140
137
0
0
0
0
0
0
0
0
0
0
0
0
0
0
0
154
166
165
166
162
163
164
164
163
162
160
157
151
144
141
139
140
141
141
140
138
135
131
124
121
125
129
134
137
0
0
0
0
0
0
0
0
0
136
124
119
112
0
0
0
0
0
0
0
0
0
0
0
0
0
0
0
0
0
0
0
0
113
111
105
101
101
104
106
107
107
99
104
104
105
99
103
0
0
0
0
0
0
0
0
0
0
0
0
0
169
165
163
162
161
159
157
155
155
155
153
151
149
148
144
146
145
146
143
141
138
133
127
124
120
124
0
0
0
0
0
0
0
0
0
0
0
0
0
0
0
0
134
128
123
119
117
115
113
112
111
109
105
103
100
94
92
88
101
98
95
90
91
97
92
93
93
94
102
104
105
119
107
106
106
109
104
103
103
0
0
0
0
0
0
0
0
0
0
0
0
0
0
0
0
0
0
0
0
0
0
0
0
0
0
0
0
0
0
0
0
0
0
0
0
0
0
0
0
0
0
0
0
0
0
0
0
0
0
0
0
0
0
0
0
0
0
