0
0
0
0
0
0
0
0
0
0
0
0
0
0
0
0
0
0
0
0
0
0
477
509
511
0
0
0
0
0
0
0
0
0
0
0
0
0
0
0
0
0
0
0
0
0
152
139
134
0
0
0
0
0
0
0
0
0
0
0
0
0
0
0
0
0
0
0
0
0
0
0
0
0
177
184
204
215
219
223
226
235
235
236
244
248
252
254
257
259
259
258
257
252
242
224
212
193
179
164
152
148
69
75
75
75
72
72
76
0
0
0
0
161
135
133
124
123
122
119
123
126
133
142
152
161
168
176
179
182
193
201
181
138
131
122
122
115
129
113
133
0
0
0
0
0
0
223
227
210
202
212
210
209
211
204
205
209
169
148
150
158
152
142
135
127
121
120
118
119
119
121
125
129
130
132
140
148
156
159
161
163
166
168
172
174
177
180
185
189
190
198
200
185
206
206
208
209
218
221
219
218
219
221
219
218
209
213
214
213
211
209
206
203
203
209
192
180
171
149
141
120
0
0
0
0
0
0
0
0
0
0
0
0
166
174
186
199
205
209
208
203
196
203
207
205
191
192
205
226
224
209
206
213
208
206
207
208
0
0
0
0
0
0
0
0
0
487
467
474
395
447
430
469
418
0
0
0
0
0
0
0
0
0
0
0
0
0
0
0
0
0
0
0
0
0
0
0
0
0
0
0
0
0
0
0
0
0
0
0
0
0
0
0
0
0
0
0
0
0
0
0
0
0
0
0
0
0
0
0
0
0
0
0
0
0
0
0
0
0
0
0
0
0
0
0
0
0
0
0
