0
0
0
0
0
0
0
0
0
0
0
0
0
0
0
0
0
0
0
0
0
0
0
0
0
0
0
0
0
0
0
0
0
0
0
0
0
0
0
0
0
0
0
0
0
0
0
0
0
0
0
0
0
180
171
163
166
170
171
180
182
0
0
0
0
0
0
0
0
0
0
0
0
0
0
0
0
0
0
0
238
203
191
178
172
171
110
127
138
138
127
149
125
0
0
0
149
145
144
144
142
141
139
137
134
131
127
124
116
0
0
0
0
0
0
0
0
0
0
139
122
115
114
109
103
97
104
124
103
140
121
117
116
118
118
119
120
119
116
123
127
127
127
127
127
127
127
128
128
128
128
127
123
115
130
0
0
0
0
0
0
0
0
0
0
0
0
0
0
0
135
142
139
133
127
124
120
118
117
116
115
112
109
103
99
97
0
0
0
0
0
0
0
0
0
0
0
0
0
0
0
0
0
0
0
0
119
120
128
127
122
125
115
124
127
146
133
133
133
132
132
132
134
138
142
146
155
160
164
169
171
168
171
174
171
169
166
163
162
0
0
0
0
0
0
0
0
0
0
0
0
0
0
0
0
0
0
0
0
0
0
0
0
0
0
0
0
0
0
0
0
0
0
0
0
0
0
0
0
0
0
0
0
0
0
0
0
0
0
0
0
0
0
0
0
0
0
0
0
0
0
0
0
0
0
0
0
0
0
0
0
