0
0
0
0
0
0
0
0
0
0
0
0
0
0
0
0
0
0
0
0
0
0
0
0
0
0
0
0
0
0
0
0
0
0
0
0
0
0
0
0
0
0
0
0
0
0
0
0
0
0
0
0
0
0
0
0
0
0
0
0
0
0
0
0
0
0
0
0
0
0
0
0
0
0
0
0
0
0
0
0
0
0
0
0
0
0
0
0
175
177
179
177
166
158
148
131
131
134
105
113
126
131
0
0
0
0
155
164
167
168
167
172
159
138
139
153
159
160
156
151
145
141
137
134
131
127
127
130
131
131
126
125
124
124
125
124
122
120
119
118
120
120
120
118
112
106
100
99
99
106
0
0
0
0
0
138
136
125
125
126
128
130
131
129
128
127
125
124
122
121
117
116
113
110
108
106
104
101
99
95
92
91
89
88
90
96
87
95
83
73
67
66
0
0
0
0
0
0
0
0
0
0
0
0
0
0
0
0
0
0
0
0
0
0
0
0
0
0
0
0
0
0
0
0
0
0
0
0
0
0
0
0
0
0
0
0
0
0
0
0
0
0
0
0
0
0
0
0
0
0
0
0
0
0
0
0
0
0
0
0
0
0
0
0
0
0
0
0
0
0
0
0
0
0
0
0
0
0
0
0
0
0
0
0
0
