0
0
0
0
0
0
0
0
0
0
0
0
0
0
0
0
0
0
0
0
0
0
0
0
0
0
0
0
0
0
0
0
0
0
0
0
0
0
0
0
0
0
0
0
0
0
0
0
0
0
0
0
0
0
0
0
0
0
0
0
0
0
0
0
0
0
0
0
0
0
0
0
0
0
0
0
0
0
135
153
153
145
139
136
135
136
134
135
134
133
132
131
130
128
129
125
123
120
119
118
116
115
114
114
114
115
104
99
99
90
101
100
97
112
109
119
101
69
67
128
117
128
131
124
114
115
123
106
70
82
79
85
150
151
145
141
138
136
135
135
134
133
134
133
131
130
127
127
126
125
124
122
121
114
119
120
120
119
118
117
110
98
95
102
116
100
81
119
102
0
0
0
0
0
0
0
0
0
0
0
0
0
135
131
124
120
121
120
119
117
117
116
115
114
113
91
117
115
110
0
0
0
0
0
0
141
146
121
117
114
113
115
111
108
110
112
112
113
113
114
115
113
114
114
115
114
115
119
115
117
118
117
116
117
117
116
115
114
113
112
110
109
107
104
103
100
99
97
111
122
121
136
115
106
104
114
110
109
108
104
102
103
105
103
119
122
111
132
146
144
140
123
119
118
113
122
118
114
115
118
92
88
66
67
63
129
114
124
126
112
111
109
115
109
113
117
125
114
127
127
138
117
112
111
110
112
114
115
115
110
113
115
115
114
111
112
107
103
98
99
0
0
0
0
0
0
0
0
0
0
0
119
111
105
105
104
104
103
102
101
98
94
91
91
87
83
80
80
81
87
92
97
100
106
107
106
0
0
0
0
0
0
0
0
0
0
0
0
0
0
0
0
0
0
0
0
0
0
0
0
0
0
0
0
0
0
0
0
0
0
0
0
0
0
0
0
0
0
0
0
0
0
0
0
0
0
0
0
0
0
0
0
0
0
0
0
0
0
0
0
0
0
0
0
0
