0
0
115
115
114
117
112
109
0
0
0
0
0
0
0
0
0
0
0
0
0
0
0
0
0
0
0
0
0
0
0
0
0
0
0
0
0
0
0
0
0
0
0
0
0
0
0
0
0
0
0
0
0
0
0
0
0
0
0
0
0
0
0
0
0
0
0
0
0
0
0
0
0
0
0
0
0
0
0
0
0
0
0
0
179
151
146
146
149
151
156
159
163
163
162
168
169
166
161
151
138
132
138
132
145
149
145
142
140
137
136
133
128
126
125
119
122
121
121
117
110
104
102
99
100
111
124
132
133
132
126
126
128
123
125
120
117
112
113
117
119
122
124
126
126
126
129
128
128
130
131
131
130
128
127
125
122
121
120
119
118
116
115
114
114
113
113
112
110
110
111
110
109
105
107
113
113
115
117
117
118
119
120
122
122
124
137
131
127
127
127
128
128
128
128
127
126
124
121
118
115
115
0
0
0
0
0
0
0
0
0
0
0
0
0
0
0
132
123
122
130
122
120
119
117
117
111
109
104
0
0
0
0
0
0
0
0
0
0
0
0
0
0
0
0
0
0
0
0
0
0
0
0
0
0
0
0
0
0
0
126
125
124
122
110
124
125
123
122
121
119
118
118
118
112
107
108
108
107
107
106
106
106
105
104
103
101
101
102
102
104
100
103
100
103
104
105
106
106
104
107
109
108
107
107
108
109
108
110
110
110
112
114
116
118
120
122
123
124
123
120
118
113
118
118
117
113
112
115
109
105
103
100
93
91
88
87
92
94
96
95
95
96
96
97
91
93
86
85
88
94
116
120
125
120
125
124
126
126
131
127
107
111
139
116
135
131
111
112
114
111
110
0
0
0
0
0
0
0
0
0
0
0
0
0
0
0
0
0
0
0
0
0
0
0
0
0
0
0
0
0
130
130
118
113
116
