0
0
0
0
0
0
0
0
0
0
0
0
0
0
0
0
0
0
0
0
0
0
0
0
0
0
0
0
0
0
0
0
0
0
0
0
0
0
0
0
0
0
0
0
0
0
0
0
0
0
0
0
0
0
0
0
0
0
0
0
0
0
0
0
285
275
265
260
253
264
278
0
0
0
0
0
0
0
0
327
318
317
313
305
287
309
311
0
0
0
0
0
0
0
0
0
0
283
251
239
231
222
211
198
181
233
241
229
225
234
229
221
0
0
292
250
252
248
231
220
225
229
230
238
247
256
268
273
276
271
254
260
269
272
268
273
274
0
0
0
0
0
0
0
0
0
0
0
0
0
0
0
247
255
251
251
252
261
271
272
273
274
277
279
273
274
279
0
0
0
0
0
360
325
303
306
308
289
256
217
205
193
175
155
142
135
142
0
0
0
0
197
196
215
220
224
228
236
241
243
236
219
211
0
0
0
0
0
0
0
0
0
0
327
343
326
323
315
298
263
236
216
209
203
196
190
188
191
190
185
177
179
184
185
0
0
0
0
0
0
0
0
0
0
0
0
0
0
0
0
0
273
256
245
245
246
245
242
234
232
0
0
0
0
0
0
0
94
92
94
106
113
115
106
105
108
131
121
143
128
237
240
227
214
201
191
191
196
201
212
215
216
214
213
214
212
205
202
198
197
194
193
194
194
194
192
193
194
192
192
192
194
196
204
208
214
221
230
237
251
266
287
385
381
410
410
419
432
442
447
443
443
442
420
413
422
418
447
0
0
0
0
0
0
0
0
0
0
0
0
0
0
0
0
0
0
0
0
0
0
0
0
0
0
0
0
0
0
0
0
0
0
0
0
0
0
0
0
0
0
0
0
0
0
0
0
0
0
0
0
0
0
0
0
0
0
0
0
0
0
0
0
0
0
0
0
0
0
0
0
0
0
0
0
0
0
