66
65
64
66
60
62
59
60
0
0
0
0
0
0
0
0
0
0
0
0
0
0
0
0
0
0
0
0
0
0
0
0
0
0
0
0
0
0
0
0
0
0
0
0
0
0
0
0
0
0
0
0
0
0
0
0
0
0
0
0
0
0
0
0
0
0
0
0
0
0
0
0
0
0
0
0
0
0
0
0
343
355
361
366
375
386
418
277
287
263
264
265
261
259
255
251
248
248
245
242
241
239
236
237
248
259
264
268
264
261
260
261
262
259
261
261
263
262
266
263
264
257
271
247
362
323
276
274
273
274
271
265
234
239
232
238
243
240
239
237
234
229
230
229
236
241
240
236
233
229
227
224
223
222
220
219
218
217
218
214
215
214
211
210
213
220
223
221
220
222
220
221
224
230
235
240
238
239
235
233
232
230
232
231
230
234
242
237
234
235
236
239
237
235
234
234
241
244
244
244
245
246
247
248
243
251
258
262
265
269
270
271
266
266
264
264
271
271
302
298
294
293
290
287
283
282
275
269
259
245
228
214
204
194
183
182
188
0
0
0
0
0
0
0
0
0
0
0
0
0
0
0
0
0
0
0
0
0
0
0
0
0
0
59
59
65
60
62
61
61
64
64
64
65
61
60
60
0
0
0
0
0
0
0
0
0
0
0
0
0
0
0
0
0
0
0
0
0
0
0
0
0
