129
120
126
112
109
117
128
120
111
130
127
128
118
108
120
119
124
122
128
116
113
126
137
123
0
0
0
0
0
0
0
0
0
0
0
0
0
0
0
0
0
0
0
0
0
0
0
0
0
0
115
119
134
119
123
112
136
121
110
127
131
119
113
0
0
0
0
0
0
232
236
224
219
222
224
225
225
225
227
224
111
110
111
113
115
113
116
115
0
0
0
0
0
0
0
0
0
0
0
0
0
0
0
0
0
286
263
263
263
261
258
255
258
252
237
217
0
0
0
0
0
0
0
0
0
0
0
0
0
0
0
0
241
214
221
211
179
174
170
0
0
0
0
0
0
0
0
0
252
232
231
227
221
204
183
170
0
0
0
0
0
0
0
0
0
0
0
0
0
0
0
0
289
250
250
263
282
245
244
252
242
245
247
248
0
0
0
0
0
0
0
0
0
0
202
234
239
232
229
224
219
212
204
203
201
198
192
182
192
193
192
189
186
183
182
176
166
163
169
0
0
0
212
190
186
171
159
174
185
172
186
0
0
0
0
0
0
0
0
0
0
0
0
0
0
223
237
239
236
229
222
220
223
224
222
221
227
240
238
237
269
309
241
226
220
217
218
216
216
215
213
212
210
200
206
203
201
207
204
201
194
166
157
185
84
83
85
109
108
0
0
0
0
0
0
0
0
0
0
0
206
217
224
229
231
227
229
232
245
255
257
260
263
261
261
264
265
269
268
258
259
255
248
243
231
218
211
196
0
0
0
0
0
0
0
0
0
0
0
235
209
207
201
194
192
188
184
179
174
169
166
162
158
156
153
151
149
148
148
148
148
142
142
142
142
138
138
138
136
135
135
112
90
73
121
128
129
132
123
112
117
113
120
130
124
120
126
117
115
109
117
118
108
116
122
117
113
118
134
122
112
120
113
0
0
0
0
0
0
0
0
0
0
0
0
0
0
0
0
0
0
0
0
0
0
0
0
0
0
0
0
0
0
0
0
0
0
0
0
0
0
0
0
0
0
0
0
0
0
