0
0
0
0
0
0
0
0
0
0
0
0
0
0
0
0
0
0
0
0
0
0
0
0
0
0
0
0
0
0
0
0
0
0
0
0
0
0
0
0
0
0
0
0
0
0
0
0
0
0
0
0
0
0
0
0
0
0
0
0
0
0
0
0
0
0
0
0
0
0
0
0
235
240
236
228
220
212
215
0
0
0
0
0
0
0
79
74
73
72
71
71
209
211
218
225
236
241
240
207
190
176
178
251
248
254
240
214
0
0
0
0
0
0
0
0
0
248
257
258
254
251
248
249
249
246
204
240
251
248
248
248
246
245
242
238
234
228
223
243
242
217
210
203
217
210
199
192
202
248
240
205
212
200
199
201
203
204
201
175
186
0
0
0
0
0
0
0
0
0
0
243
237
226
226
221
208
202
0
0
0
0
0
0
0
0
0
0
0
0
0
0
0
0
0
0
310
259
261
260
260
238
233
234
248
253
255
257
257
254
250
248
245
243
233
214
213
211
205
214
226
221
253
222
217
220
218
216
214
214
214
209
188
173
172
176
178
200
207
212
220
213
213
214
215
216
216
217
221
222
218
212
214
215
217
217
218
218
217
215
205
211
214
215
216
215
209
194
183
155
0
0
0
0
0
0
0
0
0
0
211
253
254
253
251
252
249
237
225
214
202
0
0
0
0
0
0
0
0
0
0
0
0
0
0
262
241
238
235
230
222
211
202
198
199
200
207
209
210
208
204
195
171
152
0
0
0
0
0
0
0
0
0
0
0
0
0
0
0
251
240
239
227
227
224
223
221
219
218
217
215
214
213
215
219
223
228
226
224
222
221
222
221
218
217
217
216
213
210
205
201
197
194
190
183
182
178
178
175
171
163
171
175
178
0
0
0
0
0
0
0
0
0
0
202
237
242
244
245
249
254
256
255
249
255
259
260
261
262
261
260
257
255
251
248
247
245
242
238
233
227
219
210
199
190
185
176
164
154
146
134
135
128
119
126
134
136
140
107
135
131
142
133
134
0
0
0
0
0
0
0
0
0
0
0
0
0
0
0
0
0
0
0
0
0
0
0
0
0
0
0
0
0
0
0
0
0
0
0
0
0
0
0
0
0
0
0
0
0
0
0
0
0
0
0
0
0
0
0
0
0
0
0
0
0
0
0
0
0
