0
0
0
0
0
0
0
0
0
0
0
0
0
0
0
0
0
0
0
0
0
0
0
0
0
0
0
0
0
0
0
0
0
0
0
0
0
0
0
0
0
0
0
0
0
0
0
0
0
0
0
0
0
0
0
0
0
0
0
0
0
0
0
0
0
0
0
0
0
0
0
0
0
0
0
286
210
221
0
0
0
0
0
0
0
0
0
0
0
0
0
0
0
0
0
247
254
259
266
265
261
260
267
267
262
250
245
234
230
0
0
0
0
0
0
0
0
0
0
292
266
243
226
224
219
216
210
218
211
202
193
0
0
0
218
223
225
228
229
230
227
217
115
113
113
112
106
226
219
222
224
226
227
227
224
220
212
207
215
223
216
222
238
220
218
196
178
0
0
0
0
0
0
0
0
0
0
0
0
0
0
266
249
245
249
246
241
240
241
248
249
0
0
271
274
237
240
235
232
228
224
222
219
217
214
209
204
202
198
194
190
185
182
182
180
177
172
169
159
157
0
0
0
0
0
0
0
0
0
0
0
0
0
0
0
0
0
0
0
0
0
0
0
0
0
0
0
0
0
0
0
0
0
0
0
0
0
0
0
0
0
0
0
0
0
0
0
0
0
0
0
0
0
0
0
0
0
0
0
0
0
0
0
0
0
0
0
0
0
0
0
0
0
0
0
0
0
0
0
0
0
0
0
0
0
0
0
0
0
0
0
0
0
