0
0
0
0
0
0
0
0
0
0
0
0
0
0
0
0
0
0
0
0
0
0
0
0
0
0
0
0
0
0
0
0
0
0
0
0
0
0
0
0
0
0
0
0
0
0
0
0
0
0
0
0
0
0
0
0
0
0
0
0
0
0
0
0
0
0
0
0
0
0
0
0
0
0
0
0
0
0
0
0
0
0
0
0
0
116
111
111
117
117
116
112
119
117
119
116
113
112
116
128
140
139
129
125
135
138
133
132
248
246
243
243
245
248
243
235
250
248
248
248
247
247
247
246
244
242
243
232
221
214
217
169
240
227
219
213
196
199
188
184
0
0
0
0
0
0
0
0
0
0
222
220
213
216
214
212
213
210
214
214
216
219
219
219
221
222
222
219
220
221
220
217
217
219
218
217
215
211
208
204
201
198
198
197
197
197
194
190
185
171
163
0
0
0
0
0
0
0
0
0
0
0
0
0
0
0
216
218
218
217
218
218
217
217
216
214
212
210
208
207
206
204
201
193
195
192
198
201
198
197
205
209
210
211
213
213
213
210
196
215
207
213
214
213
213
213
212
211
210
211
210
209
210
211
211
210
211
210
209
209
208
206
205
202
197
179
169
165
166
164
163
166
0
0
0
0
0
100
96
87
83
83
83
89
81
83
83
82
0
0
260
261
223
216
214
214
211
214
216
218
223
227
226
215
209
0
0
0
0
0
0
0
0
0
230
224
225
233
234
231
227
227
227
228
229
228
224
221
222
222
220
219
219
219
218
217
214
211
216
224
221
204
189
189
191
192
196
195
188
177
167
157
0
0
0
0
0
0
0
0
0
0
0
0
0
0
227
214
226
224
225
226
221
217
214
214
215
213
210
208
209
208
208
211
210
210
209
209
207
205
203
200
197
192
188
182
175
164
153
145
131
141
0
0
0
0
0
0
0
0
0
0
0
0
0
0
0
0
0
0
0
0
0
0
0
0
0
0
0
0
0
0
0
0
0
115
109
111
113
116
114
112
119
111
87
88
89
85
108
115
114
112
91
90
87
96
113
119
118
121
0
0
0
0
0
0
0
0
0
0
0
0
0
0
0
0
0
0
0
0
0
