0
111
110
125
125
132
119
124
117
112
125
116
135
117
130
115
107
130
122
115
118
122
134
128
118
131
133
117
109
141
141
140
113
112
124
117
116
111
114
124
125
245
125
120
112
122
127
126
116
116
137
113
114
124
123
112
120
137
118
130
126
118
0
0
0
0
0
0
0
0
0
0
114
115
124
151
126
119
131
137
136
134
133
143
136
132
133
123
123
118
136
126
125
123
119
125
121
125
248
240
232
238
237
234
229
221
211
202
217
220
224
0
0
0
0
0
0
0
0
0
0
0
252
251
238
237
238
236
235
233
231
224
207
200
201
201
201
208
214
217
222
224
226
227
228
228
236
234
231
231
230
228
227
226
226
225
225
221
208
194
185
184
181
186
0
0
0
0
0
0
0
0
0
0
271
266
250
246
247
247
244
234
221
213
230
245
0
0
269
272
262
245
240
237
230
212
193
178
0
0
0
0
0
0
0
0
0
0
0
0
0
253
238
221
219
219
217
212
214
216
213
210
207
198
186
180
0
0
0
0
0
0
0
0
232
216
214
206
188
183
183
185
186
194
203
210
212
214
215
211
204
196
188
182
168
0
0
0
0
0
0
0
0
0
0
0
0
0
0
0
0
0
0
0
0
0
194
190
228
224
224
224
220
227
228
225
225
225
224
219
208
203
186
178
175
175
173
167
151
152
0
0
0
0
0
0
0
0
0
0
0
0
0
0
0
0
0
0
0
0
0
0
0
0
0
0
0
0
0
0
0
0
0
0
0
0
0
0
0
0
0
0
0
0
0
0
0
191
188
191
193
196
200
198
201
200
201
205
203
210
217
219
215
213
220
231
246
252
242
239
238
238
238
239
237
243
240
237
237
234
230
227
223
219
218
219
217
219
216
212
208
207
205
205
206
206
207
206
205
202
200
193
185
182
180
174
181
185
198
199
204
217
217
214
212
211
211
210
209
210
209
204
197
180
180
175
170
171
0
0
0
0
0
0
0
0
0
0
0
0
0
0
0
0
0
0
0
210
211
206
202
196
186
178
171
170
186
188
180
188
204
205
196
194
195
198
197
201
209
208
209
209
208
208
206
205
202
199
195
189
181
171
183
145
144
110
62
68
82
80
80
0
0
0
0
0
0
0
0
0
0
0
0
0
0
0
0
0
0
0
0
124
131
139
144
145
118
114
110
116
114
135
114
111
111
109
109
113
116
0
0
0
0
0
0
0
0
0
0
0
0
0
0
0
0
0
0
0
0
0
0
0
0
0
0
0
0
0
0
0
0
0
0
