0
0
0
0
0
0
0
0
0
0
0
0
0
0
0
0
0
0
0
0
0
0
0
0
0
0
0
0
0
0
0
0
0
0
0
0
0
0
0
0
0
0
0
0
0
0
0
0
0
0
0
0
0
0
0
0
0
0
0
0
0
0
0
0
0
0
0
0
0
0
0
0
0
0
0
0
0
0
0
0
0
0
0
0
0
0
0
0
0
0
0
0
0
0
0
0
0
283
285
292
301
294
281
269
265
262
263
263
249
231
217
0
0
0
0
0
0
239
233
218
203
0
0
0
0
0
0
0
0
0
0
0
0
260
232
219
216
212
211
204
183
171
209
200
200
0
0
0
0
0
0
0
0
0
0
0
0
0
0
0
0
0
0
0
0
0
228
230
227
223
211
211
215
217
216
216
215
213
212
210
207
204
201
195
185
195
192
194
202
202
204
203
210
187
198
207
205
206
209
212
215
217
220
220
217
208
215
218
218
212
217
217
215
212
209
205
202
197
186
182
177
174
174
173
181
191
198
193
201
196
196
199
202
206
215
224
232
241
244
246
243
206
249
248
242
238
262
238
0
0
252
222
212
204
194
186
192
180
175
171
168
162
157
151
147
146
146
141
143
159
141
144
141
132
142
145
0
0
0
0
0
0
201
183
184
191
192
200
208
216
218
226
236
244
253
258
276
302
328
331
0
0
0
0
0
0
0
0
0
0
0
0
0
0
0
0
0
0
0
0
0
0
0
0
0
0
0
0
0
0
0
0
0
0
0
0
0
0
0
0
0
0
0
0
0
0
0
0
0
0
0
0
0
0
0
0
0
0
0
0
0
0
0
0
0
0
0
0
0
0
0
0
0
0
0
0
0
0
0
0
0
0
0
0
0
0
0
