0
0
0
0
0
0
0
0
0
0
0
0
0
0
0
0
0
0
0
0
0
0
0
0
0
0
0
0
0
0
0
0
0
0
0
0
0
0
0
0
0
0
0
0
0
0
0
0
0
0
0
0
0
0
0
0
0
0
0
0
0
0
0
0
0
0
0
0
0
0
284
284
280
282
0
0
0
0
0
0
298
304
265
236
217
0
0
0
0
0
0
0
0
0
0
0
0
0
0
0
0
0
0
0
0
0
0
0
0
0
0
0
0
0
303
333
379
402
407
417
410
0
0
433
415
427
439
421
411
406
395
376
365
351
337
319
298
272
249
213
196
185
182
183
186
196
207
213
221
232
241
256
274
292
313
329
348
369
396
418
435
430
434
444
447
450
458
463
468
472
479
485
491
496
499
501
503
491
475
468
464
455
0
0
0
0
0
0
0
0
0
0
0
0
0
0
0
0
0
0
0
0
58
57
54
72
85
89
104
112
106
131
104
54
0
0
0
0
0
0
0
0
0
0
0
0
0
0
0
0
0
0
0
0
0
0
0
0
0
0
0
0
0
0
0
0
0
0
0
0
0
0
0
0
0
0
0
0
0
0
0
0
0
0
0
0
0
0
0
0
0
0
0
0
0
0
0
0
0
0
0
0
0
0
0
0
0
0
0
0
