0
0
0
0
0
0
0
0
0
0
0
0
0
0
0
0
0
0
0
0
0
0
0
0
0
0
0
0
0
0
0
0
0
0
0
0
0
0
0
0
0
0
0
0
0
0
0
0
0
0
0
0
0
0
0
0
0
0
0
0
0
0
0
0
0
0
0
0
0
0
0
0
258
267
266
267
268
267
268
268
267
261
257
256
261
323
325
143
139
141
143
138
137
151
145
137
118
118
115
219
250
249
255
258
264
266
271
279
283
278
282
291
295
298
300
302
301
311
317
316
330
325
316
311
299
278
265
260
257
252
251
249
242
237
234
229
229
226
217
201
192
0
0
0
0
0
0
0
0
0
0
243
265
258
255
258
261
262
263
263
265
280
280
278
279
278
278
279
286
284
283
275
0
0
380
350
344
359
374
362
406
0
0
0
0
0
293
272
276
277
275
274
279
278
276
266
256
240
234
0
0
0
0
0
0
0
0
270
287
265
262
258
252
244
228
208
202
0
0
0
0
0
0
0
0
0
0
0
0
0
0
261
230
222
212
205
197
191
185
174
167
155
148
162
0
0
0
0
0
0
0
0
0
0
0
0
0
0
0
0
0
0
0
0
0
0
0
0
0
0
0
0
0
0
0
0
0
0
0
0
0
0
0
0
0
0
0
0
0
0
0
0
0
0
0
0
0
0
0
0
0
0
0
0
0
0
0
0
0
0
0
0
0
0
0
0
0
0
0
0
0
0
0
0
0
0
0
0
0
0
0
0
0
0
0
0
