0
0
0
0
0
0
0
0
0
0
0
0
0
0
0
0
0
0
0
0
0
0
0
0
0
0
0
0
0
0
0
0
0
0
0
0
0
0
0
0
0
0
0
0
0
0
0
0
0
0
0
0
0
0
0
0
0
0
0
0
0
0
0
0
0
0
0
0
0
0
0
0
0
0
0
0
0
0
0
0
296
330
296
292
293
298
294
304
299
306
312
317
377
435
423
426
428
422
421
421
428
436
443
441
438
437
433
423
410
414
417
413
434
362
354
329
315
280
266
258
247
238
230
220
0
0
0
0
0
0
183
203
244
301
298
296
284
273
335
316
273
268
264
263
256
255
273
0
0
0
0
0
0
0
0
0
170
161
162
178
176
170
161
161
157
168
168
169
0
0
312
289
268
248
228
0
0
0
0
0
0
0
0
0
0
0
0
0
0
0
284
280
277
274
274
270
264
256
248
248
268
266
224
262
245
0
0
0
0
0
343
303
300
298
473
402
409
411
408
405
397
382
378
376
341
402
380
373
379
356
369
391
0
0
0
0
0
0
294
304
273
269
268
0
0
0
0
0
0
316
331
303
286
271
258
259
0
0
0
0
0
0
0
0
0
0
0
0
0
0
0
0
0
397
285
283
280
281
285
290
312
357
369
374
386
389
398
416
426
433
434
434
443
414
414
426
410
416
411
406
398
393
384
375
363
356
344
332
289
271
260
248
242
238
238
235
231
228
219
212
210
212
215
214
206
198
188
177
169
160
148
134
135
0
0
0
0
0
0
0
0
0
0
0
0
0
0
0
0
0
0
0
0
0
0
0
0
0
0
0
0
0
0
0
0
0
0
0
0
0
0
0
0
0
0
0
0
0
0
0
0
0
0
0
0
0
0
0
0
0
0
0
0
0
