0
0
0
0
0
0
0
0
130
124
109
129
112
116
123
132
122
118
124
119
0
0
0
0
0
0
0
0
0
0
0
0
0
0
0
0
0
0
0
0
0
0
0
0
0
0
0
0
0
0
123
124
131
116
119
118
115
117
116
0
0
0
0
0
0
0
0
0
0
0
0
0
0
0
0
0
0
0
0
0
0
0
340
358
406
392
413
472
410
300
296
286
270
257
248
236
226
0
0
0
0
0
0
0
0
0
0
316
312
309
314
320
323
329
346
375
379
358
339
340
376
365
374
0
0
0
0
0
0
0
0
0
0
0
0
139
132
132
134
136
137
140
142
144
158
161
177
161
152
153
147
139
133
126
131
0
0
0
0
0
0
0
265
252
245
233
0
0
0
0
0
0
0
0
0
0
0
0
0
0
0
0
418
391
371
369
366
374
370
349
335
303
325
374
0
0
0
0
0
0
0
0
0
0
0
0
0
392
420
404
383
372
355
343
298
274
267
265
261
259
256
252
266
258
255
246
234
214
201
0
0
0
0
0
0
0
0
0
0
0
0
0
0
239
226
225
225
223
218
213
208
201
190
186
187
182
178
172
165
154
149
149
147
147
144
140
139
135
127
118
112
106
95
0
0
0
0
0
0
0
0
0
0
0
0
0
0
0
0
0
0
132
119
123
121
135
108
126
118
129
129
121
131
128
114
131
0
0
0
0
0
0
0
0
0
0
0
0
0
0
0
0
0
0
0
0
0
0
0
0
0
0
0
0
0
0
0
0
0
0
0
0
0
0
0
0
0
0
0
0
0
0
0
0
0
0
0
0
