0
0
0
0
0
0
0
0
0
0
0
0
0
0
0
0
0
0
0
0
0
0
0
0
0
0
0
0
0
0
0
0
0
0
0
0
0
0
0
0
0
0
0
0
0
0
0
0
0
0
0
0
0
0
0
0
0
0
0
0
0
0
0
0
0
0
0
0
0
0
0
0
0
0
0
0
0
0
112
108
103
112
113
119
110
114
0
0
0
0
0
0
0
0
0
0
0
0
0
0
0
263
262
253
250
244
248
254
257
261
266
268
271
273
273
275
276
277
276
276
274
272
273
269
227
235
259
263
269
0
0
0
0
270
261
261
260
257
253
249
244
241
240
238
234
228
234
232
231
229
226
226
225
222
233
225
120
122
128
137
142
142
139
130
134
0
0
0
0
0
0
0
0
0
0
0
0
0
0
0
245
232
217
215
215
212
208
203
210
202
205
0
0
0
0
0
0
0
116
124
129
150
138
130
145
123
135
131
127
265
278
276
273
265
253
251
247
245
244
241
236
233
232
234
238
239
241
245
248
249
250
249
245
242
238
230
220
0
0
0
0
0
0
0
0
0
291
261
242
240
249
247
246
246
244
247
245
249
252
131
132
69
65
68
72
72
66
0
0
0
0
0
0
0
0
0
0
0
0
0
0
0
0
0
0
0
0
0
0
0
121
122
127
127
136
131
132
128
130
129
130
129
139
135
0
0
0
354
337
365
370
364
349
344
317
291
268
248
244
237
226
215
208
201
200
0
0
0
0
0
0
0
0
0
0
0
0
0
0
0
0
0
0
0
0
0
0
0
0
0
0
0
0
0
0
0
0
0
0
0
0
0
0
0
0
0
0
0
0
0
0
0
0
0
0
0
0
0
0
0
0
0
0
0
0
0
0
0
0
0
0
0
0
0
0
0
0
0
0
0
0
0
0
0
0
0
0
0
0
0
0
0
