0
0
0
0
0
0
0
0
0
0
0
0
0
0
0
0
0
0
0
0
0
0
0
0
0
0
0
0
0
0
0
0
0
0
0
0
0
0
0
0
0
0
0
0
0
0
0
0
0
0
0
0
0
0
0
0
0
0
0
0
0
0
0
0
0
0
0
0
0
0
0
0
0
0
0
0
0
0
0
0
0
0
0
0
0
0
0
0
0
0
0
0
0
0
0
0
0
0
0
0
0
0
0
0
0
0
0
0
303
276
270
268
261
245
233
221
0
0
0
0
0
0
0
0
0
0
0
293
286
263
249
251
254
247
230
201
0
0
0
0
0
0
0
0
0
0
0
0
0
313
271
267
274
284
321
298
275
258
247
251
0
0
0
0
0
0
0
0
0
0
0
0
0
0
0
0
0
0
0
283
313
257
256
251
248
244
235
212
203
196
0
0
0
0
0
0
0
0
261
241
231
223
216
207
204
210
215
220
220
220
222
228
238
259
160
160
151
135
129
126
119
113
101
0
0
0
0
0
0
0
0
0
0
0
0
0
0
0
0
239
217
218
217
218
214
197
185
172
154
0
0
0
0
0
0
0
288
266
258
258
254
255
251
244
238
0
0
0
0
0
0
0
0
0
0
0
0
0
330
291
270
261
244
234
231
218
0
0
0
0
0
0
0
277
252
245
241
238
230
217
197
176
0
0
0
0
0
0
0
0
0
0
0
0
0
238
216
211
207
206
206
205
203
198
185
173
193
0
0
0
0
0
457
471
445
410
328
355
363
370
365
351
364
369
396
309
321
327
325
345
338
315
277
257
245
237
227
215
211
206
202
203
0
0
0
0
0
0
0
0
222
229
204
204
222
226
223
216
209
199
180
162
150
144
0
0
0
0
0
0
0
0
0
0
0
0
0
0
0
0
0
0
0
0
133
125
131
111
132
138
112
112
127
132
139
119
127
124
0
0
0
0
0
0
0
0
0
0
0
0
0
0
0
0
0
0
0
0
0
0
0
0
0
0
0
0
0
0
0
0
0
0
0
0
0
0
0
0
0
0
0
0
0
0
0
0
0
0
0
0
0
0
0
0
0
0
0
0
