0
0
0
0
0
0
0
0
0
0
0
0
0
0
0
0
0
0
0
0
0
0
0
0
0
0
0
0
0
0
0
0
0
0
0
0
0
0
0
0
0
0
0
0
0
0
0
0
0
0
0
0
0
0
0
0
0
0
0
0
0
0
0
0
0
0
0
0
0
0
0
0
0
0
158
154
143
128
114
134
134
134
153
128
132
123
0
0
0
0
0
0
0
0
0
310
289
284
280
286
300
298
293
282
276
0
0
0
0
0
0
0
0
0
0
0
0
0
0
0
0
0
290
266
262
257
253
251
248
246
243
242
239
236
233
233
235
239
240
241
241
241
241
237
227
210
206
203
217
224
224
225
0
0
0
0
0
263
252
252
247
210
223
217
195
0
0
0
0
0
331
262
258
260
258
256
147
153
203
435
392
385
418
396
422
421
418
449
0
0
0
0
206
203
178
187
208
214
205
203
209
0
0
0
0
0
0
0
0
0
0
0
0
0
261
278
276
272
269
271
272
269
265
263
263
263
262
260
257
253
250
247
244
239
238
235
230
226
226
226
222
218
214
213
211
209
201
207
206
207
209
212
214
216
219
222
224
227
229
128
132
129
124
249
252
251
249
239
235
202
204
227
0
0
0
0
248
253
232
226
213
201
203
0
0
0
0
0
0
0
0
0
0
0
0
0
0
0
274
292
278
275
275
270
256
256
253
0
0
0
0
0
0
0
0
0
0
0
0
0
0
303
260
253
247
242
241
237
233
226
217
223
220
220
233
221
219
215
209
207
205
199
195
193
191
186
182
176
171
164
161
157
156
152
147
143
134
130
130
134
0
0
0
0
0
0
0
0
0
0
0
0
0
0
0
0
0
0
0
117
121
123
121
114
123
130
124
110
131
139
129
119
123
120
112
110
0
0
0
0
0
0
0
0
0
0
0
0
0
0
0
0
0
0
0
0
