126
118
135
111
122
122
121
122
136
131
106
114
114
128
138
125
130
112
120
113
122
124
109
143
113
132
118
126
0
0
0
0
0
0
0
0
0
0
0
0
0
0
0
0
0
0
0
0
0
0
0
0
0
0
0
0
0
0
0
0
0
0
0
0
0
0
0
0
0
230
220
212
202
178
177
169
170
0
0
0
0
0
0
0
0
0
0
0
263
264
265
263
260
254
0
0
0
0
0
0
0
0
0
0
0
259
239
232
218
204
189
180
173
168
162
140
130
130
125
122
121
127
110
108
134
0
0
0
269
190
237
203
192
193
191
192
190
192
200
202
205
208
209
211
212
215
225
229
227
100
94
85
86
89
79
0
0
0
0
0
0
0
0
0
0
0
0
0
0
0
0
0
0
0
0
0
0
0
0
155
154
149
147
148
148
150
154
163
174
180
186
191
184
169
0
0
0
0
0
0
0
0
0
0
272
229
211
201
188
177
165
154
137
130
122
106
0
0
0
0
0
0
177
151
157
157
157
158
160
165
172
179
185
193
197
196
185
166
147
0
0
0
0
0
0
0
0
0
0
235
203
199
190
183
174
162
148
139
135
126
122
121
122
127
129
133
135
138
139
140
142
144
143
144
141
137
135
131
0
0
0
0
0
0
0
0
0
0
0
103
105
108
113
112
113
225
213
199
195
0
0
0
0
0
0
0
86
90
96
106
219
216
222
194
208
222
217
226
224
208
235
203
201
200
197
194
190
188
187
187
189
193
202
211
214
221
222
222
220
224
225
227
229
231
224
213
202
188
174
163
154
143
136
132
124
122
119
117
117
118
119
120
120
122
119
118
119
121
125
129
133
137
144
153
165
172
177
184
196
205
214
224
239
248
259
276
305
357
361
366
367
364
357
330
180
181
191
181
178
131
120
120
118
114
108
132
124
116
116
126
122
120
134
134
115
125
114
120
111
127
133
144
134
120
116
132
124
122
0
0
0
0
0
0
0
0
0
0
0
0
0
0
0
0
0
0
0
0
0
0
0
0
0
0
0
0
0
