0
0
0
0
0
0
0
0
0
0
0
0
0
0
0
0
0
0
0
0
0
0
0
0
0
0
0
0
0
0
0
0
0
0
0
0
0
0
0
0
0
0
0
0
0
0
0
0
0
0
0
0
0
0
0
0
0
0
0
0
0
0
0
0
0
0
0
0
0
0
0
0
0
0
0
0
0
0
0
0
0
0
0
0
0
0
0
0
240
241
243
242
241
244
243
245
247
250
253
257
260
264
263
254
259
260
261
258
271
264
369
357
268
267
0
0
0
0
0
0
0
0
429
426
0
0
0
190
189
182
175
172
169
161
154
145
134
132
142
0
0
0
0
0
0
0
0
0
0
202
207
209
208
208
209
211
211
210
205
195
192
198
196
211
209
208
211
102
104
104
106
0
0
0
0
0
0
0
0
0
237
240
240
247
230
204
210
219
226
232
242
245
250
253
254
255
260
264
268
272
274
277
281
283
285
283
282
280
277
268
263
256
247
236
247
0
0
0
0
0
0
0
0
0
0
0
262
247
238
232
225
217
211
206
201
197
192
187
184
180
177
173
171
171
170
169
165
160
157
155
152
150
149
148
147
148
147
145
139
126
135
140
145
143
146
143
180
145
125
135
175
146
141
138
138
137
136
134
131
130
129
129
128
127
128
126
126
125
124
123
122
121
120
118
116
115
115
112
109
106
108
106
109
105
106
106
104
104
104
109
102
88
87
95
103
107
110
105
108
108
87
105
105
112
116
110
81
94
94
106
0
0
0
0
0
0
0
0
0
0
0
0
0
0
0
0
0
0
0
0
0
0
0
0
0
0
0
0
0
0
0
0
0
