0
0
0
0
0
0
0
0
0
0
0
0
0
0
0
0
0
0
0
0
0
0
0
0
0
0
0
0
0
0
0
0
0
0
0
0
0
0
0
0
0
0
0
0
0
0
0
0
0
0
0
0
0
111
122
136
128
114
124
116
139
129
110
124
113
135
119
126
123
0
0
209
214
206
205
206
210
209
210
214
210
209
204
200
194
189
186
182
178
173
172
162
159
151
146
146
162
0
0
0
251
223
227
230
232
231
231
231
231
229
226
221
207
195
184
173
163
147
138
124
125
122
119
124
123
140
140
0
0
0
0
0
0
0
0
0
0
0
0
0
0
0
0
179
166
166
174
181
185
191
193
195
197
196
187
197
197
196
193
179
159
145
191
181
172
0
0
0
0
0
0
0
218
205
201
198
197
195
192
191
190
189
186
183
177
172
167
161
140
126
133
120
120
116
115
113
224
189
189
182
185
176
174
182
173
171
165
171
175
168
162
154
153
155
163
164
168
168
171
172
175
176
178
180
182
184
188
189
190
211
205
206
207
210
207
208
210
204
194
200
0
0
0
0
0
0
0
0
264
247
225
209
203
200
180
0
0
0
0
0
0
0
0
0
0
0
239
189
179
172
164
156
153
149
144
137
129
120
123
0
0
0
0
0
0
0
0
146
144
142
137
131
126
139
140
0
0
170
152
113
131
149
159
159
171
176
187
180
188
0
0
0
0
0
0
0
0
0
0
0
0
0
0
0
0
0
0
0
0
195
200
212
216
216
217
220
221
221
225
229
232
235
237
227
228
232
232
233
233
232
229
226
224
224
220
214
207
197
188
183
180
176
172
170
166
161
159
161
158
151
148
146
149
147
141
135
129
129
0
0
0
0
151
167
162
146
163
166
167
170
174
178
196
201
205
208
213
210
211
209
201
198
195
191
172
164
182
0
0
0
0
0
0
0
0
206
196
181
162
151
124
130
0
0
0
0
0
0
0
152
140
132
125
119
120
126
124
0
0
0
0
0
0
156
150
148
146
142
139
136
133
129
126
118
116
109
103
98
100
0
0
0
0
0
0
0
0
0
70
61
64
62
62
60
59
58
58
65
61
0
0
0
0
0
0
0
0
0
0
0
0
0
0
0
0
0
0
0
0
0
0
0
0
0
0
0
0
0
0
0
0
0
0
0
0
0
0
0
0
0
0
0
0
0
0
0
0
114
113
109
125
133
136
112
123
110
139
114
