131
136
141
136
140
140
137
0
0
0
0
0
0
0
0
0
0
0
0
0
0
0
0
0
0
0
0
0
0
0
0
0
0
0
0
0
0
0
0
0
0
0
0
0
0
0
0
0
0
0
0
0
0
0
0
0
0
0
0
0
0
175
188
198
203
205
203
193
173
161
161
0
0
0
0
0
0
0
0
0
192
190
194
194
182
181
183
187
187
181
172
0
0
0
0
0
0
0
0
0
0
0
0
226
233
248
247
237
220
210
0
0
0
0
0
0
0
0
0
0
0
0
267
267
247
233
219
204
0
0
0
0
0
0
0
0
0
0
0
0
0
0
189
179
184
161
154
0
0
0
0
0
0
0
0
0
0
0
0
0
187
203
237
240
238
216
233
229
220
208
198
187
0
0
216
215
207
199
188
178
169
163
159
0
0
0
0
0
0
0
0
0
161
157
152
144
140
137
133
133
138
139
140
141
138
133
0
0
0
0
0
0
0
0
0
0
0
0
0
0
0
0
0
0
0
0
0
127
131
139
160
150
140
139
136
133
0
0
0
197
193
193
195
196
198
201
203
204
209
213
216
219
222
224
224
224
221
214
209
197
179
161
0
0
0
0
0
0
0
0
198
206
214
219
219
215
211
208
205
202
199
179
152
146
0
0
0
0
181
184
188
190
186
169
168
172
176
178
191
191
195
197
201
203
204
206
208
202
207
209
206
200
198
176
217
192
162
0
0
0
0
0
0
0
0
0
155
152
148
143
141
140
142
142
140
132
123
135
138
140
139
138
0
0
0
0
0
0
0
0
0
0
0
0
0
0
0
0
0
0
0
0
0
73
88
94
186
187
185
166
163
185
0
0
0
0
0
0
430
435
426
483
436
403
434
406
423
410
0
0
0
0
0
0
0
0
203
199
206
199
216
225
231
233
235
235
237
237
228
238
236
241
233
230
226
224
219
214
207
198
184
170
158
138
126
0
0
0
0
0
0
0
0
0
0
221
173
168
159
151
147
146
143
138
132
129
109
0
0
0
0
0
0
0
154
160
133
123
115
107
96
92
0
0
0
0
126
132
127
123
123
122
121
121
122
121
118
115
110
108
114
119
118
119
117
114
111
110
109
110
110
109
107
113
105
113
105
104
99
94
113
120
118
111
99
92
87
114
112
113
117
127
126
113
104
0
0
0
0
0
0
0
0
0
0
0
0
0
0
0
0
0
0
0
0
0
0
0
0
0
0
0
0
0
0
0
0
0
0
0
0
0
0
0
0
0
0
0
