0
0
0
0
0
0
0
0
0
0
0
0
0
0
0
0
0
0
0
0
0
0
0
0
0
0
0
0
0
0
0
0
0
0
0
0
0
0
0
0
0
0
0
0
0
0
0
0
0
0
0
0
0
0
0
0
0
0
0
0
0
0
166
171
176
185
195
200
208
206
207
208
207
206
205
203
202
203
207
188
177
177
177
188
192
188
193
204
223
226
227
229
232
231
226
215
205
185
218
185
230
158
141
0
0
0
0
0
0
0
0
0
0
0
0
0
82
87
91
93
82
62
62
64
65
98
200
201
202
203
202
203
207
210
210
209
208
208
207
205
203
198
153
151
143
142
136
141
135
148
184
180
194
210
220
229
236
240
242
246
250
254
256
256
254
246
233
217
201
236
240
248
251
233
222
225
233
229
0
0
0
0
0
0
0
0
151
138
139
139
137
126
119
113
110
110
109
107
107
117
111
110
110
106
94
0
0
0
0
0
0
0
0
0
0
0
0
0
0
0
0
0
0
0
0
0
0
0
0
0
0
0
0
0
0
0
0
0
0
0
0
0
0
0
0
0
0
0
0
0
0
0
0
0
0
0
0
0
0
0
0
0
0
0
0
0
0
0
0
0
0
0
0
0
0
0
0
0
0
0
0
0
0
