0
0
0
0
0
0
0
0
0
0
0
0
0
0
0
0
0
0
0
0
0
0
0
0
0
0
0
0
0
0
0
0
0
0
0
0
0
0
0
0
0
0
0
0
0
0
0
0
0
0
0
0
0
0
141
145
166
0
0
0
0
0
0
0
0
0
98
100
106
216
190
202
203
212
215
221
225
228
221
214
203
197
196
197
200
201
207
215
221
230
242
244
240
234
226
217
207
193
172
151
0
0
0
0
0
0
0
0
0
0
0
204
152
148
144
142
138
137
135
136
136
137
139
138
136
136
136
136
145
151
154
131
130
127
135
118
137
138
0
0
163
166
173
181
184
186
189
188
189
193
196
197
200
203
206
208
209
207
208
215
224
225
222
218
214
208
203
192
175
152
147
104
102
106
108
99
0
0
0
0
0
0
129
126
131
131
133
134
133
133
126
122
121
122
126
125
123
126
127
124
124
126
129
132
134
144
152
157
157
157
158
153
148
142
135
134
0
0
0
0
0
180
157
154
157
158
157
158
161
165
167
171
174
178
180
183
186
190
194
197
218
216
213
215
218
220
220
221
222
222
222
219
201
210
206
210
210
208
204
200
195
190
187
184
182
179
177
174
172
170
166
163
158
153
140
133
127
125
0
0
0
0
176
170
164
157
156
153
144
137
129
123
123
0
0
0
0
0
0
0
0
0
0
139
147
142
137
140
140
135
111
0
0
0
0
0
0
0
0
0
0
0
0
177
135
135
138
139
138
136
135
136
146
137
136
135
135
133
132
133
134
130
124
131
116
122
134
140
132
0
0
0
0
0
0
0
0
0
0
152
149
139
135
132
130
128
126
122
130
129
129
129
128
129
129
128
128
129
129
129
129
128
127
125
123
120
117
111
0
0
0
0
0
0
0
0
0
139
142
143
137
121
118
0
0
0
0
0
0
0
0
0
0
0
0
0
0
146
138
130
123
124
120
118
117
117
117
116
118
117
119
123
123
118
115
111
93
0
0
0
0
0
0
0
0
0
0
0
0
0
118
103
102
108
111
113
111
111
109
97
96
89
80
109
111
62
115
130
130
133
134
102
103
110
110
105
146
136
132
112
110
113
110
109
119
120
104
106
90
81
88
87
79
80
0
0
0
0
0
0
0
0
0
0
0
0
0
0
0
0
0
0
0
0
0
0
0
0
0
0
0
0
0
0
0
0
0
0
