0
0
110
125
122
110
124
114
117
130
129
138
127
130
111
117
125
117
132
126
119
129
134
110
99
216
242
250
251
250
249
247
247
249
245
242
239
231
225
216
207
195
0
0
0
0
0
0
0
209
216
204
193
170
141
0
0
0
0
0
0
0
0
0
0
0
170
158
150
156
158
159
158
156
151
144
136
136
141
204
179
186
194
202
205
206
200
188
184
0
0
0
0
0
0
0
0
0
0
0
0
204
175
160
150
144
138
135
130
119
132
0
0
0
0
0
0
0
0
0
0
0
0
0
0
0
0
0
0
0
0
0
0
0
0
0
0
184
196
202
220
223
235
242
245
251
252
256
257
260
264
261
259
260
262
263
262
260
258
257
254
252
246
240
233
223
209
203
204
199
185
179
0
0
0
0
0
0
0
0
0
193
181
171
165
166
164
160
146
130
134
0
0
0
0
0
0
0
0
168
168
167
166
169
164
157
146
136
133
125
0
0
0
0
0
0
0
0
0
0
0
0
0
0
0
0
0
0
135
138
134
127
116
117
99
114
111
112
126
137
124
125
131
138
137
134
134
133
135
135
136
136
134
106
111
0
0
0
0
0
0
153
146
141
138
135
130
123
115
119
0
0
0
0
0
0
0
0
134
156
142
137
132
133
126
127
125
117
121
0
0
0
0
0
0
0
169
134
123
113
116
139
140
143
142
141
141
143
141
141
141
139
141
140
137
135
130
126
0
0
0
0
0
0
0
0
0
156
149
150
152
157
155
146
135
135
0
0
0
0
0
0
0
0
0
0
0
0
0
0
0
0
0
0
0
0
0
0
0
0
0
222
229
226
223
220
216
214
210
208
207
205
197
143
141
140
180
187
187
186
186
185
181
174
167
149
142
135
139
136
131
146
168
167
161
153
148
144
139
136
131
114
105
100
107
101
103
0
0
0
150
147
144
142
139
136
134
132
130
129
127
123
117
0
0
0
0
0
0
0
0
134
144
133
133
126
120
120
118
117
116
116
117
118
117
116
116
115
113
110
110
109
108
107
106
108
109
109
109
108
110
109
107
105
109
0
0
0
0
0
0
0
0
0
0
0
0
0
0
0
0
0
0
127
107
108
72
106
124
117
121
120
111
0
0
0
0
0
0
