0
0
0
0
0
0
0
0
0
0
0
0
0
0
0
0
0
0
0
0
0
0
0
0
0
0
0
0
0
0
0
0
0
0
0
0
0
0
0
0
0
0
0
0
0
0
0
0
0
0
0
0
0
0
0
0
0
0
0
0
0
0
0
0
0
0
0
0
0
0
0
0
255
266
266
269
269
266
260
251
230
199
0
0
0
0
0
0
0
0
0
229
233
235
240
244
246
241
236
233
232
230
227
225
221
217
209
197
0
0
0
0
0
0
0
0
238
212
206
202
197
190
192
192
183
172
164
160
161
157
0
0
0
0
0
0
0
0
0
0
0
0
0
167
166
171
175
182
187
191
192
193
191
186
184
182
181
180
180
180
179
179
179
179
177
175
172
159
166
166
164
169
169
169
169
169
170
172
173
173
173
174
175
177
178
179
179
179
175
170
170
167
168
167
162
156
152
147
144
140
135
130
124
125
127
137
142
143
145
148
153
153
156
160
165
169
175
179
183
177
167
164
0
0
0
0
0
0
195
155
146
142
141
134
128
120
119
119
119
116
112
109
111
109
107
110
99
112
0
0
0
0
0
0
0
0
0
0
117
113
110
110
110
108
111
117
122
122
123
113
144
155
187
190
186
196
207
218
225
0
0
0
0
0
0
0
0
0
0
0
0
0
0
0
0
0
0
0
0
0
0
0
0
0
0
0
0
0
0
0
0
0
0
0
0
0
0
0
0
0
0
0
0
0
0
0
0
0
0
0
0
0
0
0
0
0
0
0
0
0
0
0
0
0
0
