0
0
0
0
0
0
0
0
0
0
0
0
0
0
0
0
0
0
0
0
0
0
0
0
0
0
0
0
0
0
0
0
0
0
0
0
0
0
0
0
0
0
0
0
0
0
0
0
0
0
0
0
0
0
0
0
0
0
0
0
0
0
0
274
317
288
225
216
209
201
190
198
203
219
229
229
231
0
0
0
0
0
0
0
0
0
0
0
0
0
0
0
0
0
0
0
0
252
261
255
258
257
257
255
256
246
243
244
245
250
260
264
265
264
261
255
250
243
234
225
210
192
173
158
144
133
127
124
128
134
137
138
138
139
140
142
144
152
153
159
161
168
171
177
184
201
207
216
221
229
234
259
348
357
373
381
395
408
412
419
420
422
429
435
437
435
436
434
425
419
415
415
416
422
0
0
0
0
0
0
0
0
0
0
0
0
0
0
0
0
0
0
0
0
0
0
0
0
0
0
0
0
0
0
0
0
0
0
0
0
0
0
0
0
0
0
0
0
0
0
0
0
0
0
0
0
0
0
0
0
0
0
0
0
0
0
0
0
0
0
0
0
0
0
0
0
0
0
0
0
0
0
0
