0
0
0
0
0
0
0
0
0
0
0
0
0
0
0
0
0
0
0
0
0
0
0
0
0
0
0
0
0
0
0
0
0
0
0
0
0
0
0
0
0
0
0
0
0
0
0
0
0
0
0
0
0
0
0
0
0
0
0
0
0
0
0
0
0
0
204
187
179
180
183
188
199
210
220
233
241
242
233
213
198
186
191
190
216
204
212
209
213
218
224
225
223
227
228
228
226
224
220
219
215
210
201
189
183
177
176
175
177
177
187
198
208
216
221
224
224
216
202
183
0
0
0
0
0
0
0
0
0
0
244
231
218
209
199
190
184
179
170
158
168
0
0
0
0
0
0
0
0
0
0
0
0
0
0
0
166
164
173
176
178
180
184
190
192
193
196
197
200
203
205
207
208
209
206
194
199
200
200
199
196
194
195
194
192
191
206
198
197
193
190
189
189
190
190
188
190
189
189
188
185
177
174
163
140
133
0
0
0
0
0
0
0
0
0
132
156
145
142
142
142
141
141
142
146
150
148
149
149
149
150
151
153
155
158
159
162
164
165
165
164
164
164
164
163
164
163
150
144
136
137
137
140
142
143
143
142
139
136
144
137
135
129
123
116
110
0
0
0
0
0
0
0
0
0
0
0
0
0
0
0
0
128
124
128
119
115
111
109
108
108
107
106
105
106
103
107
106
102
84
93
87
87
0
0
0
0
0
0
0
0
0
0
0
0
0
0
0
0
0
0
0
0
0
0
0
0
0
0
0
0
0
0
0
0
0
0
0
0
0
0
0
0
0
0
0
0
0
0
0
0
0
0
0
0
0
0
0
