0
0
0
0
0
0
0
0
0
0
0
0
0
0
0
0
0
0
0
0
0
0
0
0
0
0
0
0
0
0
0
0
0
0
0
0
0
0
0
0
0
0
0
0
0
0
0
0
0
0
0
0
0
0
0
0
0
0
0
0
0
0
0
170
196
186
176
182
163
163
149
147
166
180
192
197
198
200
202
199
192
178
162
0
0
0
0
0
0
0
0
0
0
0
0
261
221
205
179
179
176
172
167
158
149
134
132
153
0
0
0
0
0
0
0
0
0
0
0
0
144
146
155
158
157
158
164
166
168
168
174
179
173
152
143
0
0
0
0
0
0
0
0
0
0
0
149
148
141
136
130
125
122
127
139
141
143
143
136
125
103
105
107
98
0
0
0
0
0
0
0
0
0
160
161
160
159
158
157
157
156
158
157
157
147
128
132
0
0
0
0
0
0
0
0
0
0
0
129
128
124
140
113
115
0
0
0
0
0
0
0
0
0
0
0
0
0
0
0
0
171
184
191
193
196
197
198
200
201
204
206
208
210
211
212
212
213
214
214
214
214
213
212
211
208
204
201
202
209
210
207
204
200
0
0
0
0
0
0
0
0
0
0
177
157
151
150
148
148
149
154
153
152
153
149
139
132
129
0
0
0
0
0
0
171
175
160
158
161
160
157
154
144
147
145
143
150
146
146
145
144
144
175
176
213
211
0
0
0
0
0
0
0
0
0
0
0
0
0
0
0
0
136
146
128
123
120
120
120
123
123
124
127
130
132
130
124
63
69
68
69
69
86
62
67
68
131
131
126
124
123
123
124
122
119
118
119
119
115
113
0
0
0
0
0
0
0
0
0
0
0
0
0
0
0
0
0
0
0
0
0
0
0
0
0
0
0
0
0
0
0
0
0
0
0
0
0
0
0
0
0
0
0
0
0
0
0
0
0
0
0
0
0
0
0
0
0
0
0
0
0
0
0
0
0
0
0
