0
0
0
0
0
0
0
0
0
0
0
0
0
0
0
0
0
0
0
0
0
0
0
0
0
0
0
0
0
0
0
0
0
0
0
0
0
0
0
0
0
0
0
0
0
0
0
0
0
0
0
0
0
0
0
0
0
0
0
0
0
0
0
0
0
0
0
0
0
0
0
0
0
0
0
0
0
189
178
179
0
0
0
0
242
251
260
263
257
249
227
0
0
0
209
214
218
220
217
211
206
203
205
206
209
213
218
223
229
234
233
234
236
260
260
259
260
261
259
259
261
266
269
272
272
280
279
285
289
292
286
278
266
258
251
256
249
270
280
276
274
0
0
0
0
0
0
0
0
0
0
0
231
215
201
190
184
179
174
171
166
155
147
139
135
134
141
143
144
141
138
136
133
130
126
121
116
114
0
0
0
0
0
0
167
148
149
147
139
135
133
132
132
131
132
135
136
137
138
132
122
117
112
0
0
0
0
0
0
0
0
178
160
161
162
162
163
166
169
175
182
196
201
204
207
211
215
222
226
232
236
237
238
240
238
237
236
244
122
127
133
134
133
127
242
239
227
233
224
215
209
203
198
191
185
179
174
177
169
167
162
156
148
142
138
133
131
132
132
133
133
135
138
141
146
155
164
174
174
184
189
192
208
186
165
150
144
195
181
210
201
170
150
131
130
133
149
169
193
213
221
225
223
216
208
192
189
195
0
0
0
0
0
0
0
0
0
0
0
0
0
0
0
0
0
0
0
0
0
325
263
261
260
258
261
265
268
274
281
286
289
292
293
294
296
296
301
309
312
313
311
311
310
305
296
294
321
335
313
285
259
217
179
171
162
152
148
142
138
133
128
120
108
123
84
98
100
0
0
0
0
0
0
0
0
0
0
0
0
0
0
0
0
0
0
0
0
0
0
0
0
0
0
0
0
0
0
0
0
0
0
0
0
0
0
0
0
0
0
0
0
0
0
0
0
0
0
0
0
0
0
0
0
0
0
0
0
0
0
0
0
0
0
0
0
0
0
0
