0
0
0
0
0
0
0
0
0
0
0
0
0
0
0
0
0
0
0
0
0
0
0
0
0
0
0
0
0
0
0
0
0
0
0
0
0
0
0
0
0
0
0
0
0
0
0
0
0
0
0
0
0
0
0
0
0
0
0
0
0
0
0
0
0
0
0
0
0
0
0
0
0
0
0
0
0
0
0
0
0
0
0
0
0
0
0
0
0
0
0
0
0
230
241
252
258
265
268
269
266
256
262
251
0
0
0
0
0
313
286
287
285
277
270
261
220
225
211
203
200
200
0
0
224
199
167
158
151
142
130
140
0
0
0
0
0
178
167
161
155
151
147
144
141
141
142
141
141
143
145
150
151
153
149
158
162
167
171
176
184
193
200
204
206
208
206
212
201
209
214
219
206
213
225
223
206
189
0
0
0
0
0
0
0
0
0
0
0
0
0
0
0
0
0
0
0
0
0
0
267
243
243
244
244
246
247
234
227
279
282
256
249
263
253
240
233
221
211
201
192
188
176
185
120
112
109
104
112
0
0
0
0
0
0
0
0
0
0
0
0
0
0
0
0
0
279
265
270
271
271
269
262
249
231
0
0
0
0
0
0
0
0
0
0
0
0
0
0
0
0
0
0
0
0
0
0
0
0
250
218
221
219
220
221
224
226
233
236
235
240
243
247
251
256
259
260
260
266
278
286
287
289
287
284
280
275
271
269
267
265
258
253
249
245
239
232
221
210
201
196
186
177
170
160
153
148
143
132
124
118
115
111
113
108
116
116
108
111
106
105
110
113
105
107
113
118
123
122
128
98
114
107
119
112
118
133
119
105
74
58
60
59
60
59
59
59
59
0
0
0
0
0
0
0
0
0
0
0
0
0
0
0
0
0
0
0
0
0
0
0
0
0
0
0
0
0
0
0
0
0
