0
0
0
0
0
0
0
0
0
0
0
0
0
0
0
0
0
0
0
0
0
0
0
0
0
0
0
0
0
0
0
0
0
0
0
0
0
0
0
0
0
0
0
0
0
0
0
0
0
0
0
0
0
0
0
0
0
0
0
0
0
0
0
0
0
0
0
0
230
197
203
203
204
205
208
214
219
226
101
104
94
93
101
109
101
106
110
223
226
228
234
237
240
243
247
247
251
254
256
262
269
277
287
289
292
291
287
283
276
263
255
0
0
0
0
0
0
0
0
0
0
0
187
170
160
159
165
169
174
180
184
196
201
179
0
0
0
0
0
0
0
0
0
0
0
0
0
0
0
0
0
0
0
0
0
0
0
0
129
127
126
111
121
114
112
111
128
112
115
115
113
237
237
220
205
206
0
0
0
0
0
277
288
262
259
247
241
242
240
241
244
243
240
236
231
214
209
208
199
219
225
225
249
239
240
245
248
254
259
263
267
270
272
273
273
273
275
278
280
283
285
288
290
289
291
292
292
292
291
289
286
282
274
261
249
233
222
206
195
181
166
152
145
136
132
131
130
129
127
123
123
121
118
116
116
112
94
104
0
0
0
0
0
0
0
0
0
0
0
0
0
0
0
0
0
0
137
138
142
133
133
133
133
105
127
134
114
128
107
104
90
102
0
0
0
0
0
0
0
0
0
0
0
0
0
0
0
0
0
0
0
0
0
0
0
0
0
109
106
105
104
102
106
101
102
101
103
99
100
0
0
0
0
0
0
0
0
0
0
0
0
0
0
0
0
0
