0
0
0
0
0
0
0
0
0
0
0
0
0
0
0
0
0
0
0
0
0
0
0
0
0
0
0
0
0
0
0
0
0
0
0
0
0
0
0
0
0
0
0
0
0
0
0
0
0
0
0
0
0
0
0
0
0
0
178
168
155
141
150
151
0
0
0
0
0
167
171
186
200
187
194
206
212
223
229
241
247
249
257
255
253
253
253
253
255
256
257
256
255
253
253
251
241
232
198
200
190
176
169
170
171
184
0
0
176
157
152
151
150
146
141
137
135
134
133
134
134
135
144
151
162
166
168
176
167
160
0
0
0
0
0
0
0
0
0
0
0
0
0
0
0
0
0
0
0
0
0
0
0
0
0
0
0
0
0
0
212
255
259
261
263
261
263
265
266
264
261
257
248
237
226
206
187
175
168
163
167
169
175
180
188
196
205
214
221
224
224
110
117
123
128
121
123
111
116
118
119
236
235
242
247
248
249
250
253
258
261
263
264
265
264
266
267
266
266
268
268
268
269
270
272
276
282
279
282
287
289
292
293
294
296
298
301
300
298
294
294
294
294
294
292
291
289
286
285
280
275
270
249
229
257
260
277
284
248
252
250
243
235
219
200
200
200
198
193
189
185
182
177
174
170
167
172
179
174
169
166
161
158
156
154
152
150
149
145
136
133
135
135
132
130
124
127
0
0
0
0
0
0
0
0
0
0
0
0
0
173
136
132
127
123
120
117
116
119
67
68
68
66
56
0
0
0
0
0
0
0
0
0
0
0
0
0
0
0
0
0
0
0
0
0
0
0
0
0
0
0
0
0
0
0
0
0
0
0
0
0
0
0
0
0
0
0
0
0
0
0
0
0
0
0
0
0
0
0
0
0
0
0
0
0
0
0
0
0
0
0
0
0
0
0
0
0
0
0
0
0
