0
0
0
0
0
0
0
0
0
0
0
0
0
0
0
0
0
0
0
0
0
0
0
0
0
0
0
0
0
0
0
0
0
0
0
0
0
0
0
181
145
138
135
131
127
125
126
126
127
127
131
137
142
139
137
135
139
133
0
0
0
0
0
0
0
179
139
135
131
128
116
113
114
116
121
142
0
0
0
150
157
156
160
160
163
167
169
173
176
180
182
182
174
162
0
0
0
0
0
0
0
0
0
0
0
0
0
0
0
0
0
0
0
0
0
0
0
0
156
139
134
125
122
119
117
117
115
114
112
113
111
111
111
0
0
0
0
0
0
0
0
0
0
0
0
0
0
0
0
0
0
0
0
0
0
0
151
132
128
127
125
124
121
119
116
111
104
110
117
114
0
0
0
176
141
140
141
142
145
146
147
147
146
147
141
135
0
0
0
0
0
0
0
0
0
0
179
152
152
141
140
134
137
136
137
136
132
137
139
139
137
137
138
140
140
134
135
133
139
134
0
0
0
0
0
0
0
0
0
0
0
0
0
122
118
115
114
112
111
111
110
110
109
109
106
104
105
96
0
0
0
0
0
0
219
208
226
230
242
226
248
221
0
0
0
0
0
169
162
109
117
113
145
127
125
124
122
121
123
126
128
125
125
124
124
123
122
119
116
116
116
116
116
117
117
117
117
118
118
116
112
111
111
110
109
107
106
107
108
106
107
107
107
108
105
104
106
112
123
62
74
64
60
66
65
65
62
60
59
65
62
62
63
56
114
120
110
115
121
136
118
95
114
126
129
125
119
118
122
106
109
117
122
117
147
123
117
108
110
120
132
121
127
108
118
123
