0
0
0
0
0
0
0
0
0
0
0
0
0
0
0
0
0
0
0
0
0
0
0
0
0
0
0
0
0
0
0
0
0
0
0
0
0
0
0
0
0
0
0
0
0
0
0
0
0
0
0
0
0
0
0
0
0
0
0
0
0
0
0
151
136
129
125
124
125
126
127
129
130
133
134
137
142
143
144
146
147
148
150
150
152
156
159
162
163
164
168
169
168
161
159
0
0
0
0
0
0
0
0
0
0
0
0
0
0
0
0
0
0
0
0
183
158
153
142
143
140
141
133
133
131
129
119
120
114
0
0
0
0
138
114
114
114
116
115
119
117
116
113
112
106
107
0
0
0
0
0
0
0
0
0
115
142
143
169
163
139
127
124
123
122
122
124
119
121
122
122
122
123
123
123
121
127
127
128
130
132
133
142
142
144
146
149
152
151
148
148
150
147
142
149
144
147
157
168
123
139
122
131
120
134
112
169
152
147
132
127
125
124
123
122
122
119
116
113
112
117
119
121
121
124
127
125
122
121
115
122
119
120
120
120
152
150
118
119
121
120
120
109
118
117
115
117
120
118
121
120
122
124
124
121
123
123
121
121
119
117
117
115
112
0
0
0
0
0
0
0
0
0
0
0
154
154
120
119
116
114
111
108
104
96
92
148
118
107
106
105
106
108
0
0
0
0
0
0
0
0
0
0
0
0
0
0
0
116
113
114
109
94
114
0
0
0
0
0
0
0
0
0
0
0
0
0
0
0
0
0
0
0
0
0
0
0
0
0
0
0
0
0
0
0
0
0
0
0
0
0
0
0
0
0
0
0
0
0
0
0
0
0
0
0
0
0
0
0
0
0
0
0
0
0
0
0
0
0
