124
127
119
117
118
135
116
131
132
131
104
127
117
121
123
127
122
125
124
117
120
114
114
124
135
122
122
122
133
129
119
111
116
124
112
120
119
110
129
131
117
120
113
140
121
125
125
117
118
133
120
119
121
120
141
146
150
155
158
160
164
162
159
156
0
0
0
0
0
0
0
0
0
0
0
0
0
0
0
0
0
139
134
132
125
124
122
122
119
115
116
107
88
86
90
104
111
117
113
111
118
0
0
0
0
0
0
0
0
0
0
0
0
0
0
59
60
64
64
61
64
68
70
80
121
125
123
111
95
91
85
91
117
140
129
132
130
132
127
124
120
124
121
111
112
119
128
67
69
73
74
80
154
131
130
127
128
129
132
132
133
135
135
134
136
140
144
147
141
150
151
152
151
147
138
138
153
157
158
132
0
0
0
0
0
0
0
0
0
0
0
0
165
133
128
124
123
125
125
124
122
119
120
0
0
0
0
0
0
0
0
0
81
82
80
83
81
87
88
89
0
0
0
0
0
0
0
0
0
0
0
0
0
0
134
110
111
123
124
123
122
121
120
113
110
103
108
112
114
119
131
132
125
123
122
120
118
117
121
115
120
139
122
126
134
152
139
129
127
125
125
125
125
135
130
132
133
135
135
135
136
139
142
143
142
142
144
141
139
144
143
142
140
137
135
133
134
130
130
127
126
126
126
125
125
124
124
123
120
127
123
124
117
121
131
114
116
111
93
143
136
134
113
119
0
0
0
0
0
0
0
135
138
136
135
135
133
0
0
0
0
0
0
0
0
0
0
0
0
0
0
0
0
0
0
0
0
0
0
0
0
0
0
0
0
0
0
150
133
129
122
122
126
125
123
122
119
0
0
0
0
0
0
0
0
0
0
0
0
119
127
123
122
120
120
118
114
112
106
95
114
90
120
113
125
119
116
125
121
118
117
116
117
118
119
117
114
114
116
107
125
120
120
122
121
121
120
120
126
119
120
119
117
117
115
117
0
0
0
0
0
0
0
0
0
0
0
0
0
116
113
113
112
110
97
0
0
0
0
0
0
0
0
0
0
0
0
0
0
0
0
0
0
0
0
0
0
0
0
0
0
0
0
0
0
0
0
0
0
0
0
0
0
0
0
0
0
0
0
0
0
0
0
0
0
0
0
0
0
0
0
0
0
0
0
0
0
0
0
0
0
0
0
0
0
0
0
0
0
0
