0
0
0
0
0
0
0
0
0
0
0
0
0
0
0
0
0
0
0
0
0
0
0
0
0
0
0
0
0
0
0
0
0
0
0
0
0
0
0
0
0
0
0
0
0
0
0
0
0
0
0
0
0
0
0
0
0
0
0
0
0
0
0
0
0
0
0
0
0
0
0
0
0
0
0
0
0
0
0
0
0
0
0
0
0
0
168
135
136
135
134
133
135
138
141
143
146
148
150
152
155
156
159
162
164
167
171
175
179
180
181
182
183
179
174
169
164
0
0
0
0
0
0
0
0
0
0
0
0
0
167
159
147
141
135
133
132
130
127
127
129
128
126
124
124
124
132
121
111
119
117
106
102
115
123
123
122
127
132
136
136
133
130
130
130
124
124
125
128
124
148
151
134
132
131
129
128
127
130
129
129
127
127
128
127
123
126
130
128
123
122
121
121
122
124
125
122
123
121
120
121
119
118
119
120
117
118
120
120
118
115
0
0
0
0
0
0
0
0
0
0
0
0
0
0
0
0
0
0
142
139
135
129
132
126
131
127
116
121
132
125
0
0
0
0
0
0
0
0
474
470
478
457
438
0
0
0
0
0
0
0
0
0
0
0
0
0
0
0
0
0
0
0
0
0
0
0
0
0
0
0
0
0
0
0
0
0
0
0
0
0
0
0
0
0
0
0
0
0
0
0
0
0
0
0
0
0
0
0
0
0
0
0
0
0
0
0
0
0
0
0
0
0
0
0
