0
118
130
116
118
115
110
113
123
0
0
0
0
0
0
0
0
0
0
0
0
0
0
0
0
0
0
0
0
0
0
0
0
0
0
0
0
0
0
0
0
0
0
0
0
0
0
0
0
0
0
0
0
0
0
0
0
0
0
0
0
0
0
0
0
0
0
0
0
163
123
127
123
124
125
125
128
131
130
131
133
135
138
142
145
152
154
156
158
158
159
158
158
160
164
170
176
178
176
164
165
172
173
181
178
0
0
0
0
0
0
0
0
0
163
152
145
140
138
134
132
131
131
132
133
132
123
134
121
106
97
133
132
142
141
118
125
130
143
123
135
129
128
128
120
129
0
0
0
0
0
0
134
132
130
130
128
126
124
124
125
126
123
124
121
117
126
0
0
0
0
0
0
0
0
0
0
0
0
0
0
0
0
0
0
0
124
125
126
130
126
124
115
100
78
0
0
0
0
0
0
0
0
0
0
0
0
0
0
157
147
128
123
119
116
113
112
111
110
110
108
105
102
126
126
121
128
133
166
111
110
111
114
111
112
119
123
125
128
133
138
136
85
112
133
131
132
112
110
115
121
122
111
118
116
118
112
113
123
120
118
112
125
129
123
122
123
132
126
132
111
