0
0
0
0
0
0
0
0
0
0
0
0
0
0
0
0
0
0
0
0
0
0
0
0
0
0
0
0
0
0
0
0
0
0
0
0
0
0
0
0
0
0
0
0
0
0
0
0
0
0
0
0
0
0
0
0
0
0
0
0
0
0
0
0
0
0
0
0
0
0
0
0
0
0
0
0
0
0
0
0
0
0
0
0
0
0
220
171
167
165
153
132
132
133
0
0
0
0
0
204
171
165
158
154
150
146
138
127
0
0
0
0
0
0
0
0
0
0
0
187
174
162
157
156
152
150
142
137
126
0
0
0
0
0
0
0
0
0
0
0
0
0
0
0
0
0
0
0
0
0
0
112
115
112
109
111
112
113
112
112
112
114
114
113
114
119
120
120
119
118
118
120
120
120
134
0
0
0
0
0
0
0
0
0
0
0
0
0
0
0
0
0
0
0
0
0
0
0
0
115
130
120
129
115
113
124
129
114
113
125
122
118
107
0
0
0
0
0
0
0
0
0
0
0
0
0
0
108
112
117
120
121
123
122
115
122
120
119
133
138
0
0
0
0
139
150
151
149
142
134
0
0
0
0
0
0
0
0
0
0
0
0
162
158
146
140
137
124
111
114
117
104
112
147
133
0
0
0
0
0
0
0
0
0
0
0
0
0
0
0
0
0
0
0
0
68
68
69
70
0
0
0
0
0
0
0
0
0
0
0
154
171
128
124
123
120
118
125
134
119
132
119
128
0
0
0
162
156
145
130
136
137
140
142
143
141
142
136
0
0
0
0
0
0
0
0
187
148
153
145
144
143
143
141
136
131
131
120
120
0
0
0
0
0
0
0
0
162
146
134
117
0
0
0
0
0
0
0
0
0
0
0
0
0
0
0
0
121
115
112
108
104
110
0
0
0
0
245
210
98
107
106
111
139
123
105
117
110
112
134
142
135
126
123
118
117
120
121
120
120
120
121
120
117
122
124
118
118
117
117
109
0
0
0
0
0
0
0
0
0
0
0
0
0
0
0
0
0
0
0
133
129
120
117
118
118
118
114
112
112
114
114
112
110
111
110
109
108
109
105
107
112
115
127
124
119
104
122
116
115
114
112
114
0
0
0
0
0
0
0
0
0
0
0
0
0
0
0
0
0
0
0
0
0
0
0
0
0
0
0
0
0
0
0
0
0
0
0
0
0
0
0
0
0
0
0
0
0
0
0
0
0
0
0
0
0
0
0
0
0
0
0
