0
0
0
0
0
0
0
0
0
0
0
0
0
0
0
0
0
0
0
0
0
0
0
0
0
0
0
0
0
0
0
0
0
0
0
0
0
0
0
0
0
0
0
0
0
0
0
0
0
0
0
0
0
0
0
0
0
0
0
0
0
0
0
0
0
0
0
0
0
143
143
140
160
129
129
128
125
123
120
120
120
125
130
141
153
164
165
166
172
176
182
180
176
172
181
194
183
181
0
0
0
0
0
0
0
0
0
0
0
0
0
0
146
157
149
145
142
142
139
138
137
139
138
137
130
140
140
139
139
138
136
138
134
133
132
127
0
0
0
0
0
0
0
0
0
0
0
165
149
143
141
138
138
138
140
140
139
138
134
133
138
0
0
0
0
0
0
0
0
0
173
164
139
135
129
126
125
127
126
126
125
125
123
129
130
130
128
126
125
125
125
130
123
0
0
0
0
0
0
0
0
0
165
138
135
132
130
130
131
130
131
133
132
129
127
131
0
0
0
0
0
0
0
0
0
0
156
133
105
104
107
109
113
118
106
105
106
107
109
109
111
114
116
119
125
125
128
138
144
108
77
114
120
120
126
113
117
128
117
119
67
55
60
68
65
60
63
71
68
62
65
67
69
62
56
59
58
56
57
0
0
0
0
0
0
0
0
0
0
0
0
0
0
0
0
0
0
0
0
0
0
0
0
124
121
120
116
119
124
120
119
119
120
122
123
122
123
122
123
123
125
129
128
125
125
125
126
125
124
125
129
132
132
134
133
133
130
119
129
132
132
0
0
0
0
0
0
0
0
0
0
0
0
0
0
0
0
0
0
0
0
0
0
0
183
155
144
142
141
142
143
143
142
140
134
130
131
135
128
0
0
147
123
120
118
116
116
117
117
117
114
112
116
110
107
109
0
0
0
0
0
0
0
0
0
0
0
0
0
0
127
111
137
135
172
176
155
154
116
127
126
121
120
123
123
121
119
123
121
118
115
124
0
0
0
0
0
0
0
0
134
135
143
157
131
116
125
121
121
119
117
116
115
126
140
127
126
120
122
127
0
0
0
0
0
156
126
120
116
114
112
112
109
109
109
108
109
107
107
106
107
105
101
106
105
105
108
123
111
117
0
0
0
0
0
118
115
119
124
116
133
117
131
135
123
132
124
126
129
128
122
118
121
113
113
119
119
114
117
124
124
127
121
119
0
0
0
0
0
0
0
0
0
0
0
0
0
0
0
0
0
0
