0
0
0
0
0
0
0
0
0
0
0
0
0
0
0
0
0
0
0
0
0
0
0
0
0
0
0
0
0
0
0
0
0
0
0
0
0
0
0
0
0
0
0
0
0
0
0
0
0
0
0
0
0
0
0
0
0
0
0
0
0
0
0
0
0
0
172
130
138
135
136
126
121
122
120
126
123
130
134
139
144
145
145
145
142
142
133
126
0
0
0
0
0
0
0
176
172
140
136
131
120
114
113
115
144
131
119
0
0
199
154
156
158
162
166
170
175
180
184
188
189
189
175
205
0
0
0
0
0
0
0
0
0
0
0
0
0
0
0
0
0
0
0
0
0
164
134
129
123
123
122
120
119
120
121
120
123
128
0
0
0
0
0
0
0
153
130
126
128
126
123
122
119
116
113
0
0
0
0
0
134
134
136
136
138
141
140
145
150
148
140
135
0
0
0
0
0
0
0
0
0
165
160
141
140
136
139
135
135
134
132
132
136
141
136
136
136
138
137
136
135
128
126
0
0
0
0
0
0
0
0
0
0
0
0
0
0
0
118
115
114
111
110
108
109
110
110
108
107
104
105
0
0
0
0
0
0
0
0
0
0
0
0
0
0
0
0
133
144
144
150
131
129
129
130
130
130
133
134
134
134
133
131
124
125
126
126
125
124
123
121
120
120
120
120
118
116
113
112
110
108
107
107
106
105
106
105
104
105
107
108
111
109
110
122
128
133
114
137
135
119
127
127
127
115
125
124
131
111
120
125
121
133
118
118
118
126
0
0
0
0
