0
0
0
0
0
0
0
0
0
0
0
0
0
0
0
0
0
0
0
0
0
0
0
0
0
0
0
0
0
0
0
0
0
0
0
0
0
0
0
0
0
0
0
0
0
0
0
0
0
0
0
0
0
0
0
0
0
0
0
0
0
0
0
0
0
0
0
0
0
0
0
168
140
143
141
146
156
158
163
167
167
160
161
151
141
0
0
0
173
184
187
182
177
175
176
175
175
173
164
154
0
0
0
0
0
0
0
0
0
181
170
168
156
154
152
149
145
140
131
135
0
0
0
0
0
0
0
0
0
0
0
0
0
0
0
152
155
158
161
158
156
155
155
154
153
153
152
149
148
146
138
143
136
122
85
88
88
71
67
59
66
65
76
149
150
152
151
152
154
158
160
161
161
157
155
153
153
153
146
144
142
139
136
133
128
126
121
121
131
135
142
144
145
148
152
154
158
158
162
164
165
161
154
0
0
0
0
0
0
0
0
0
121
112
117
111
110
109
100
109
104
97
96
91
0
0
0
0
0
0
0
0
0
0
0
0
0
108
105
109
101
100
105
109
110
109
109
89
67
68
69
87
87
76
71
0
0
0
0
0
0
0
0
0
0
0
0
0
0
0
0
64
64
64
62
59
62
62
61
131
134
116
125
124
114
118
121
118
120
134
115
112
122
115
115
110
113
