0
0
0
0
0
0
0
0
0
0
0
0
0
0
0
0
0
0
0
0
0
0
0
0
0
0
0
0
0
0
0
0
0
0
0
0
0
0
0
0
0
0
0
0
0
0
0
0
0
0
0
0
0
0
0
0
0
0
0
0
0
0
0
123
129
128
131
136
138
139
139
141
143
149
152
153
153
155
158
163
167
169
167
147
143
0
0
0
0
0
0
0
0
0
0
156
159
162
163
158
156
155
154
154
151
143
145
144
144
145
152
150
148
148
145
144
142
140
138
132
127
125
127
124
123
121
123
114
111
111
107
106
105
104
109
106
107
106
107
109
110
110
114
114
117
117
128
132
133
138
140
142
142
139
135
139
136
204
118
121
127
134
124
124
110
124
128
112
120
124
128
116
129
126
133
112
119
128
113
143
117
117
120
123
138
119
113
126
112
117
125
119
130
119
113
117
112
111
117
117
116
123
131
132
