60
63
65
62
59
57
63
60
59
61
57
57
0
0
0
0
0
0
0
0
0
0
0
0
0
0
0
0
0
0
0
0
0
0
0
0
0
0
0
0
0
0
0
0
0
0
0
0
0
0
0
0
0
0
0
0
0
0
0
0
0
0
0
0
0
0
0
0
0
0
0
0
0
0
0
172
151
155
160
162
165
167
167
166
79
81
81
76
73
74
68
142
136
153
159
158
162
164
164
159
158
138
129
0
0
0
0
0
0
0
0
0
0
0
135
129
128
126
125
124
120
118
117
116
117
118
117
117
119
122
123
124
123
122
123
118
120
126
119
123
119
115
123
0
0
0
0
0
0
0
0
116
123
132
123
121
114
124
117
134
157
156
131
121
120
120
118
116
112
100
106
119
131
148
150
123
132
132
121
118
122
121
109
122
123
121
122
124
125
126
127
129
130
133
136
138
142
144
144
138
144
145
145
146
147
144
140
132
0
0
0
0
0
0
0
0
167
148
140
141
138
0
82
85
85
83
84
98
117
119
0
0
0
0
0
0
0
0
0
0
0
0
0
0
0
0
0
181
156
152
149
142
137
128
121
90
108
112
133
128
0
0
0
0
0
0
0
0
0
0
0
0
0
0
0
0
0
0
0
0
0
157
108
112
113
109
106
105
105
107
108
105
102
102
94
99
148
157
131
171
134
131
143
0
0
0
0
0
0
0
0
0
0
0
0
0
0
0
0
0
0
0
0
0
0
0
0
0
0
0
0
0
0
0
0
0
0
0
0
0
0
0
0
0
