0
0
0
0
0
0
0
0
0
0
0
0
0
0
0
0
0
0
0
0
0
0
0
0
0
0
0
0
0
0
0
0
0
0
0
0
0
0
0
0
0
0
0
0
0
0
0
0
0
0
0
0
0
0
0
0
0
0
0
0
0
0
156
148
146
151
153
157
163
169
172
176
177
174
177
174
166
165
0
0
0
117
118
128
122
105
107
96
89
182
179
177
175
174
171
170
160
161
0
0
0
0
0
0
0
0
0
0
0
194
167
160
156
159
153
150
145
140
129
0
0
0
0
0
0
0
0
0
0
0
0
463
456
0
0
0
0
0
0
0
168
159
154
153
152
151
150
150
151
149
149
147
147
144
143
142
138
137
135
127
98
106
107
92
89
88
79
76
75
72
68
146
147
146
149
150
153
154
155
154
153
154
152
145
148
147
145
146
146
143
141
139
136
133
132
129
128
128
135
141
144
143
144
141
140
138
138
139
142
142
144
144
134
136
140
140
141
0
0
0
0
0
149
155
124
124
116
116
113
110
110
108
103
101
0
0
0
128
140
131
139
145
141
141
134
140
118
121
150
108
108
108
106
106
106
104
99
94
0
0
0
0
0
0
0
0
0
0
0
0
0
0
0
0
0
0
0
0
0
0
0
0
0
0
0
0
0
0
0
0
0
0
0
0
0
0
0
0
0
0
0
0
0
0
0
0
0
0
0
0
0
0
0
0
0
0
0
0
0
0
0
0
0
0
0
0
0
0
0
0
0
0
0
0
0
