0
0
0
0
0
0
0
0
0
0
0
0
0
0
0
0
0
0
0
0
0
0
0
0
0
0
0
0
0
0
0
0
0
0
0
0
0
0
0
0
0
0
0
0
0
0
0
0
0
0
139
131
124
127
0
0
0
0
0
0
0
0
0
0
0
0
0
0
0
0
0
167
159
160
160
162
162
163
164
166
167
168
169
169
169
170
169
169
167
158
187
207
216
212
205
201
214
215
212
203
68
72
70
141
152
156
157
151
147
144
143
125
98
92
185
190
185
185
184
180
176
172
171
180
163
180
176
183
0
0
0
0
0
0
0
161
166
130
129
125
122
122
119
116
115
112
116
117
117
117
116
118
117
115
114
114
110
114
181
172
152
128
128
127
125
127
125
130
121
120
126
121
122
111
117
130
112
131
122
120
133
121
133
152
151
142
136
133
132
130
128
126
128
129
127
127
128
128
133
130
129
130
129
129
128
133
133
135
138
135
131
0
0
0
0
0
0
0
0
158
113
131
121
125
116
0
0
0
0
0
0
0
0
0
141
169
135
133
141
130
128
127
127
125
120
107
83
77
90
87
90
98
106
107
118
121
124
124
124
123
123
121
119
115
0
0
0
0
0
0
0
0
0
0
0
0
148
133
132
125
118
120
125
0
0
0
0
0
0
0
0
0
0
0
0
0
0
0
0
0
0
0
0
0
0
0
0
0
0
0
0
0
0
0
0
0
0
0
0
0
0
0
0
0
0
0
0
0
0
0
0
0
0
0
0
0
0
0
0
0
0
0
0
0
0
0
0
0
0
0
0
0
0
0
0
0
0
0
0
0
0
0
0
0
