0
0
0
0
0
0
0
0
0
0
0
0
0
0
117
123
124
114
122
128
131
115
134
122
123
126
128
111
132
124
115
125
124
119
133
119
119
110
122
134
0
0
0
0
0
0
148
160
157
159
161
165
168
170
173
177
176
171
164
167
0
0
0
0
0
0
0
0
0
0
0
0
0
0
153
150
147
143
141
129
120
110
0
0
0
0
0
0
0
0
0
0
0
0
0
0
156
153
116
123
122
120
124
0
0
0
0
0
112
117
129
130
133
130
125
125
167
159
145
145
143
143
144
146
145
147
153
152
151
147
145
140
143
152
0
0
0
0
0
0
198
162
154
148
136
133
0
0
0
0
0
0
0
0
0
0
0
155
153
148
145
141
141
139
137
134
143
132
135
136
125
150
178
130
126
114
132
135
118
119
120
236
221
233
197
163
159
163
125
119
123
120
118
119
115
118
117
0
0
0
0
0
0
0
0
0
0
0
0
0
0
0
140
141
141
148
166
127
128
125
126
120
120
0
0
0
0
0
0
0
0
0
0
0
151
159
146
140
139
135
134
134
133
134
133
128
123
130
129
130
128
126
124
121
118
118
123
0
0
0
0
0
0
0
0
0
0
0
0
0
0
0
120
122
123
124
122
120
120
122
120
120
118
116
111
116
118
116
115
116
116
122
117
115
114
114
112
112
110
108
113
118
114
0
0
0
0
0
0
0
0
0
0
0
0
0
0
0
0
0
0
0
0
0
0
0
0
0
0
0
0
0
0
0
0
0
0
0
0
0
0
0
0
0
0
0
0
0
0
0
0
0
0
0
0
0
0
0
0
0
0
0
0
0
0
0
0
0
0
0
0
0
0
0
0
0
0
0
0
0
