0
0
0
0
0
0
0
0
0
0
0
0
0
0
0
0
0
0
0
0
0
0
0
0
0
0
0
0
0
0
0
0
0
0
0
0
0
0
0
0
0
0
0
0
0
0
0
0
0
0
0
0
0
0
0
0
0
0
0
0
0
150
126
124
0
0
0
0
0
0
0
0
0
0
0
0
0
157
178
143
143
142
145
151
150
155
160
164
166
169
171
173
175
175
175
172
166
157
149
137
143
142
87
119
143
171
178
140
125
123
125
120
123
122
123
126
123
123
121
120
118
118
123
123
124
122
124
120
123
122
122
125
121
120
0
0
0
0
0
0
0
0
0
0
81
82
73
66
71
80
138
137
126
124
123
121
122
123
125
129
129
129
130
129
131
131
130
129
129
129
127
127
127
125
122
123
126
125
125
122
121
122
120
119
119
117
120
121
121
121
119
125
123
119
119
113
110
103
102
107
0
0
0
0
0
0
0
0
139
119
111
111
108
122
223
225
225
224
206
212
0
0
0
0
0
0
0
0
0
0
0
0
0
0
0
0
0
0
0
0
0
0
0
0
0
0
0
0
0
0
0
0
0
0
0
0
0
0
0
0
0
0
0
0
0
0
0
0
0
0
0
0
0
0
0
0
0
0
0
0
0
0
0
0
0
0
0
0
0
0
0
0
0
0
0
0
0
0
0
0
