0
0
0
0
0
0
0
0
0
0
0
0
0
0
0
0
0
0
0
0
0
0
0
0
0
0
0
0
0
0
0
0
0
0
0
0
0
0
0
0
0
0
0
0
0
0
0
0
0
0
0
0
0
0
0
0
0
0
0
0
0
0
0
0
0
0
0
0
0
0
0
0
0
0
0
0
0
0
0
0
0
0
0
0
0
0
0
144
148
146
147
150
153
156
158
161
165
167
168
170
171
176
173
171
168
160
154
150
150
149
145
144
142
141
139
138
138
139
138
137
135
134
131
130
127
122
119
116
116
120
131
153
128
123
123
121
117
114
120
117
120
121
123
124
124
123
122
123
122
122
120
115
120
0
0
0
0
0
0
0
0
0
0
0
0
0
0
0
160
126
125
123
122
125
125
125
126
123
136
124
122
123
126
124
120
107
0
0
0
0
0
0
0
0
0
0
0
0
0
0
0
0
0
151
170
142
125
125
123
120
119
129
0
0
0
0
0
0
0
0
0
161
121
120
118
116
0
0
0
0
0
0
0
0
0
0
0
0
0
0
0
68
57
57
57
57
57
55
64
71
65
78
77
75
0
0
0
0
0
0
0
0
0
0
0
0
0
0
0
0
0
0
0
0
0
0
0
0
0
0
0
0
0
0
0
0
0
0
0
0
0
0
0
0
0
0
0
0
0
0
0
0
0
0
0
0
0
0
0
0
0
0
0
0
0
0
0
0
0
0
0
0
0
0
0
0
0
0
0
0
0
0
0
0
