0
0
0
0
0
0
0
0
0
0
0
0
0
0
0
0
0
0
0
0
0
0
0
0
0
123
123
122
124
125
120
110
115
116
0
0
0
0
0
0
0
0
0
0
0
0
0
0
0
0
0
0
0
0
0
0
0
0
0
0
0
0
0
0
0
0
0
0
0
0
0
0
0
0
0
0
0
0
191
143
140
138
135
128
134
132
132
139
137
137
138
139
139
141
145
148
150
150
150
150
138
140
141
145
148
156
147
151
127
123
120
119
122
121
122
121
122
123
119
116
119
0
0
0
0
0
0
0
0
0
0
0
0
0
0
0
0
0
153
141
142
152
139
136
131
137
0
0
0
0
0
0
0
0
0
0
175
153
155
150
145
141
138
134
131
139
134
157
131
125
0
0
0
0
0
0
0
0
0
0
0
0
0
0
0
0
0
126
127
124
122
123
120
119
119
118
119
115
106
111
93
87
89
84
84
83
79
73
83
113
119
119
125
127
125
124
125
126
125
131
130
118
110
118
0
0
0
0
0
140
137
143
155
128
123
129
0
0
0
0
0
0
154
129
117
125
0
0
0
0
0
0
0
0
0
0
0
0
164
140
131
129
125
122
120
122
119
119
119
119
119
114
118
120
119
118
118
117
118
121
116
118
123
117
115
115
115
115
115
116
116
115
106
117
117
116
114
115
113
113
114
129
114
77
115
121
114
112
114
125
137
112
114
126
109
113
112
114
109
0
0
0
0
0
0
0
0
0
0
0
0
0
0
0
0
0
0
0
0
0
0
0
0
0
0
0
0
0
0
0
0
0
0
0
0
0
0
0
0
0
0
0
0
0
0
0
0
0
0
0
0
0
0
0
0
0
0
0
0
0
