0
0
0
0
0
0
0
0
0
0
0
0
0
0
0
0
0
0
0
0
0
0
0
127
119
117
112
116
118
125
115
111
120
116
0
0
0
0
0
0
0
0
0
0
0
0
0
0
0
0
0
0
0
0
0
0
0
0
0
0
0
0
0
0
0
0
0
0
0
112
110
121
120
141
135
144
131
0
0
0
0
0
0
0
0
0
0
0
0
148
151
151
151
151
153
155
156
157
157
153
149
141
0
0
0
0
0
0
0
0
0
0
0
0
0
0
0
0
0
0
0
0
0
0
0
141
141
146
132
125
124
124
124
122
121
118
113
119
117
115
115
124
115
117
116
113
120
0
0
0
0
0
0
0
0
0
0
0
0
0
0
0
0
0
0
0
0
0
0
0
0
0
0
0
141
130
126
124
124
124
122
119
118
125
159
113
86
107
119
109
99
140
153
148
142
135
131
126
125
125
126
127
126
124
118
0
0
0
0
0
0
0
184
158
125
124
132
127
135
118
119
118
118
118
117
101
87
79
85
88
92
93
123
123
137
116
115
126
127
128
126
126
126
125
125
126
125
123
126
126
125
126
125
123
122
121
122
122
121
121
120
120
119
114
124
123
121
119
118
131
151
126
130
138
141
153
174
132
127
126
124
121
120
117
117
117
117
119
120
121
121
121
123
121
120
116
114
113
113
112
113
113
113
110
93
0
0
0
0
0
0
0
0
0
0
0
0
0
0
0
0
0
0
0
0
0
0
0
0
0
0
0
0
0
0
0
0
0
0
0
0
0
0
0
0
0
0
0
0
0
0
0
0
0
0
0
0
0
0
0
0
