0
116
114
124
113
114
113
113
121
114
113
0
0
0
0
0
0
0
0
0
145
128
121
122
119
121
117
0
0
0
0
0
0
0
0
0
0
0
0
0
0
176
158
162
162
161
162
162
163
165
166
167
167
169
164
170
173
173
171
171
165
153
147
0
0
0
0
0
0
0
0
0
0
0
0
0
154
129
130
117
114
117
120
120
120
122
121
124
127
126
0
0
0
0
0
0
0
130
123
120
115
115
121
0
0
0
0
0
0
133
129
133
132
131
136
134
130
121
0
0
0
0
0
0
0
57
57
71
67
75
77
78
71
0
0
124
128
140
126
124
123
116
101
112
122
125
120
124
127
113
124
142
134
130
128
126
125
123
121
120
120
117
116
117
117
114
114
118
114
0
0
0
0
0
0
0
0
0
0
0
149
112
113
112
109
105
110
104
95
92
102
97
115
118
138
67
60
60
59
60
59
60
61
62
61
62
64
61
61
0
0
0
0
0
0
0
0
0
0
0
0
0
0
0
0
0
0
0
0
0
0
0
0
0
0
0
0
0
0
0
0
0
0
0
0
0
