0
0
0
0
0
0
0
0
0
0
0
0
0
0
0
0
0
0
0
0
0
0
0
0
0
0
0
0
0
0
0
0
0
0
0
0
0
0
0
0
0
0
0
0
0
0
0
0
0
0
0
0
0
0
0
0
0
0
0
0
0
0
0
0
0
166
146
130
112
0
0
0
0
0
0
0
0
0
0
0
0
0
0
0
168
167
168
171
169
168
161
153
0
0
0
0
0
0
0
0
0
0
0
0
0
0
138
154
125
120
113
108
102
87
68
75
71
66
65
70
0
0
0
0
0
0
0
0
148
144
118
123
126
143
145
129
125
0
0
0
0
0
0
0
0
0
0
0
0
0
0
0
0
0
0
0
181
163
160
155
143
139
144
173
0
0
0
0
0
0
0
0
142
151
145
143
140
140
143
142
141
140
138
134
130
124
119
123
135
129
112
0
0
0
138
128
129
127
126
122
125
0
0
0
0
0
0
0
0
0
0
0
0
0
0
0
0
0
0
0
0
0
0
0
0
0
0
130
126
125
124
124
123
121
121
117
120
117
115
112
111
110
109
108
112
110
108
110
110
109
106
104
107
107
106
93
86
93
80
73
90
62
68
80
92
102
119
110
112
110
115
0
0
0
0
0
129
114
113
108
110
133
119
135
131
126
127
123
123
133
114
114
109
88
86
105
98
120
134
130
130
126
122
119
113
116
125
121
139
120
112
104
0
0
0
0
0
164
158
156
155
152
149
145
140
136
140
0
0
0
0
0
0
137
134
151
182
188
163
153
181
123
95
134
122
123
123
119
115
116
117
119
116
114
112
105
122
114
117
115
91
79
0
0
0
0
0
0
0
0
0
0
0
0
0
0
0
0
0
0
0
0
0
0
79
82
81
85
86
91
93
94
110
111
111
117
118
118
120
117
120
121
129
121
125
135
127
151
155
136
132
132
133
132
130
129
134
135
130
130
129
130
127
127
125
123
118
123
128
121
125
0
0
0
0
136
126
123
118
116
116
107
100
113
111
110
90
86
95
108
106
99
113
106
106
108
116
121
105
109
112
110
110
116
122
109
112
109
112
109
103
0
0
0
0
0
0
0
0
0
0
118
129
123
119
111
112
109
118
112
111
135
0
0
0
0
0
0
0
0
0
0
0
0
0
0
0
0
0
0
0
0
0
0
0
0
0
0
0
0
0
0
0
