0
0
0
0
0
0
0
0
0
0
0
0
0
0
0
0
0
0
0
0
0
0
0
0
0
0
0
0
0
0
0
0
0
0
0
0
0
0
0
0
0
0
0
0
0
0
0
0
0
0
0
0
0
0
0
0
0
0
0
0
0
0
0
0
0
0
0
0
0
0
0
0
0
0
124
132
126
111
120
111
109
112
0
0
0
0
0
145
131
130
130
133
137
139
143
147
154
157
161
166
165
161
156
152
156
156
163
164
159
150
142
139
125
125
126
124
122
122
121
123
124
127
130
127
128
134
0
0
0
0
0
0
0
133
129
127
125
128
0
0
0
0
0
0
0
0
0
0
134
122
118
111
112
0
0
126
124
126
140
108
136
146
158
119
116
125
0
0
0
0
0
0
0
0
0
0
0
0
0
0
140
142
137
130
128
127
125
123
122
122
120
116
113
114
109
0
0
0
0
0
0
0
0
204
96
104
112
107
112
112
110
111
114
119
122
126
142
147
131
109
108
137
118
110
119
122
0
0
0
0
0
0
0
0
0
0
0
0
0
0
0
0
0
0
0
0
0
0
0
0
0
0
0
0
132
130
125
124
122
121
123
126
126
126
128
129
129
131
135
136
136
134
131
119
121
120
128
130
127
146
109
123
110
112
112
112
112
115
116
119
120
126
125
135
123
119
89
96
73
123
119
123
119
118
129
128
120
115
72
58
66
65
115
118
122
120
113
67
61
69
82
81
87
134
128
126
119
118
117
116
117
119
122
122
121
119
117
116
115
0
0
0
145
136
133
132
133
135
138
135
132
132
134
133
132
136
134
135
146
0
0
0
0
0
0
0
0
0
0
0
121
126
136
133
131
131
129
128
129
128
126
122
113
114
115
126
124
124
131
126
123
122
127
121
121
121
120
119
116
112
110
116
120
120
122
127
122
121
120
119
117
115
115
113
112
109
109
108
108
106
107
107
107
107
107
106
101
102
0
0
0
0
0
0
0
113
121
121
120
133
121
120
124
126
124
120
126
98
0
0
0
0
0
0
0
0
0
0
0
0
0
0
0
0
0
0
0
0
0
0
0
0
0
0
0
0
0
0
0
0
0
0
0
0
0
0
0
0
0
0
