0
0
0
0
0
0
0
0
0
0
0
0
0
0
0
0
0
0
0
0
0
0
0
0
0
0
0
0
0
0
0
0
0
0
0
0
0
0
0
0
0
0
0
0
0
0
0
0
0
0
0
0
0
0
161
136
125
120
116
113
108
114
121
140
136
135
135
135
135
139
142
146
148
149
150
151
151
152
153
152
144
139
135
0
0
0
0
162
164
168
165
180
146
144
143
140
140
136
134
129
125
126
130
130
133
143
155
142
136
135
135
133
131
133
128
0
0
0
0
0
0
0
0
0
0
0
0
117
117
113
115
114
114
116
114
115
116
116
117
117
118
114
112
0
0
0
0
0
0
0
0
0
0
0
0
0
0
0
0
0
0
0
0
0
0
0
0
0
0
0
0
0
0
0
144
140
137
135
132
130
131
130
128
131
126
126
127
128
128
127
126
124
121
118
119
125
118
116
115
113
112
114
115
116
118
117
118
118
117
116
115
112
0
0
0
0
0
0
0
0
0
0
127
125
124
125
122
123
124
121
120
120
120
120
119
118
119
120
119
117
108
108
111
116
118
117
115
113
111
117
114
113
109
107
0
0
0
0
0
0
0
0
0
0
0
151
151
120
119
115
110
105
105
112
117
118
119
118
122
136
147
121
113
125
111
103
118
121
186
119
125
123
112
111
134
115
117
119
107
120
120
118
114
111
114
131
134
110
113
111
0
0
0
0
0
0
0
0
0
0
0
0
0
0
0
0
0
0
0
0
0
