0
0
0
0
0
0
0
63
59
61
63
64
61
62
62
0
0
0
0
0
0
0
0
0
0
0
0
0
0
0
0
0
0
0
0
0
0
0
0
0
0
0
0
0
0
0
0
0
0
0
0
0
0
0
0
0
0
0
0
0
0
0
0
0
0
0
0
175
143
134
136
139
139
140
142
146
152
153
158
157
156
154
152
157
160
164
165
164
159
149
138
135
166
157
0
0
0
0
0
0
0
0
146
163
164
166
162
157
156
154
153
150
149
147
148
148
149
150
149
150
150
149
146
146
145
144
142
139
139
138
138
138
138
140
146
142
143
143
142
142
141
139
137
136
131
129
125
120
117
112
107
107
106
106
106
102
105
106
110
111
109
112
118
119
115
116
125
127
128
128
132
111
113
110
118
128
115
114
113
114
112
126
123
117
127
127
127
117
126
127
125
128
124
130
124
117
114
114
119
114
125
120
80
113
106
114
