0
0
0
0
0
0
0
0
0
0
0
0
0
0
0
0
0
0
0
0
0
0
0
0
0
0
0
0
0
0
0
0
0
0
0
0
0
0
0
0
0
0
0
0
0
0
0
0
122
110
112
112
99
94
92
88
91
106
116
132
135
142
147
153
160
157
146
142
0
0
0
0
0
0
0
0
0
0
198
178
180
174
173
169
163
160
154
149
140
135
136
0
0
0
0
0
0
0
0
0
0
143
127
122
120
118
118
118
118
118
119
118
118
115
114
0
0
0
0
0
0
0
0
0
0
0
0
0
0
124
120
112
108
109
119
110
140
128
149
108
129
125
136
144
118
119
118
115
113
114
129
114
147
142
128
120
119
0
0
0
0
0
0
0
0
0
0
0
0
0
0
0
155
150
137
131
127
124
124
124
124
126
129
130
128
126
131
0
0
0
0
0
0
0
0
0
0
0
0
0
0
0
0
0
0
122
110
89
85
127
115
127
118
119
116
112
125
0
0
0
0
0
0
0
0
0
0
164
153
155
150
151
150
150
150
150
154
155
155
156
155
164
176
225
252
251
0
0
0
0
0
0
0
0
0
0
0
0
0
0
0
135
146
141
133
131
133
134
134
132
131
129
0
0
0
0
0
189
142
137
117
95
196
198
205
204
210
216
197
168
134
131
125
128
128
119
123
120
117
114
121
124
118
111
110
0
0
0
0
0
0
0
0
0
0
0
0
0
0
0
150
152
131
126
122
120
108
110
98
98
105
109
106
105
142
129
129
64
73
81
67
63
67
83
87
76
68
76
81
61
61
63
67
0
0
0
0
0
0
0
0
0
0
0
0
