125
117
120
147
125
123
112
124
126
125
124
113
0
0
0
0
0
0
0
0
0
0
0
0
0
0
0
0
0
0
0
0
0
0
0
0
0
0
0
0
0
0
0
0
0
0
0
0
0
0
0
0
0
0
0
0
0
0
0
0
0
0
144
151
128
125
121
114
117
128
142
129
145
178
155
163
169
168
171
176
175
172
174
175
166
172
0
0
0
0
0
0
0
0
0
0
0
0
0
0
0
0
0
166
164
161
160
160
157
156
156
157
152
137
130
153
153
0
0
0
0
0
0
0
0
200
167
161
152
148
143
142
140
138
135
143
132
132
128
126
123
119
116
115
116
113
115
115
115
114
115
115
110
109
110
107
113
102
65
64
70
81
84
79
97
98
100
116
118
117
117
0
0
0
0
0
0
0
0
0
0
0
0
0
0
0
0
0
0
0
0
0
0
0
0
0
154
163
145
138
136
133
130
128
127
125
123
121
122
124
125
121
120
114
122
113
113
127
138
0
0
0
0
131
136
134
139
142
139
136
136
136
0
0
0
0
0
0
0
0
0
0
0
0
0
0
0
0
0
0
0
0
0
0
0
0
0
0
0
0
0
159
147
142
134
135
133
128
113
121
0
0
0
0
0
0
129
115
115
113
105
103
108
106
103
106
106
107
110
109
110
112
113
114
120
0
0
0
0
0
0
0
0
0
0
0
0
0
0
0
0
0
0
122
117
126
121
124
123
113
116
0
0
0
0
0
0
0
0
0
0
0
0
0
0
0
0
0
0
0
0
0
