0
107
122
115
123
118
119
117
122
0
0
0
0
0
0
0
0
0
0
0
0
0
0
0
0
0
0
0
0
0
0
0
0
0
0
0
0
0
0
0
0
0
0
0
0
0
0
0
0
0
0
0
0
0
0
0
0
0
0
0
0
0
0
0
0
0
0
0
0
0
0
0
0
164
165
169
168
169
171
174
175
175
175
171
168
163
161
0
0
0
0
0
0
0
0
0
0
0
0
0
0
148
121
116
112
113
109
109
115
117
116
117
122
123
124
123
121
127
156
123
117
109
131
110
124
129
176
147
153
127
131
130
130
131
137
129
132
129
124
123
115
106
94
0
0
0
0
0
0
0
0
0
0
0
0
0
0
0
113
113
114
112
114
121
125
124
123
127
113
119
115
121
107
127
134
114
139
141
149
132
136
138
136
136
137
139
139
139
138
136
136
134
131
131
130
129
128
126
124
124
125
125
127
128
130
130
132
134
133
132
132
0
0
0
0
0
0
0
0
0
0
0
0
0
116
123
123
113
125
118
139
126
133
115
120
136
116
116
128
116
122
119
142
111
123
131
140
122
111
127
150
133
140
145
133
132
126
114
120
117
114
111
110
110
107
0
0
0
0
0
0
0
0
136
135
141
141
146
179
159
140
135
128
120
115
112
112
113
117
120
121
122
123
122
127
119
120
120
0
0
0
0
0
0
0
0
0
0
0
0
0
0
0
0
0
0
0
0
0
0
0
0
0
0
0
0
0
0
0
0
0
0
0
0
0
0
0
0
0
158
144
142
134
128
124
122
121
120
117
117
113
109
109
107
108
106
107
106
106
105
104
106
103
104
102
103
104
106
110
113
117
115
120
123
0
0
135
134
136
132
141
124
141
110
116
132
131
133
112
112
132
130
106
110
130
127
128
115
113
119
113
110
124
0
0
0
0
0
0
0
0
0
0
0
0
0
0
0
0
0
0
0
0
0
0
0
0
0
0
0
0
0
0
