136
117
117
130
118
121
116
112
124
143
129
115
124
128
113
129
119
122
120
121
130
126
126
123
116
122
129
116
134
125
120
0
0
0
0
0
0
0
0
0
0
0
0
0
0
0
0
0
0
0
0
157
147
151
153
158
158
154
115
152
153
0
0
0
178
177
170
169
0
0
0
0
0
0
0
0
0
0
0
0
0
0
0
0
0
148
139
132
127
127
123
125
119
123
134
124
117
0
0
0
0
0
0
160
138
133
126
130
110
104
106
101
103
105
105
0
0
0
139
144
126
119
119
119
123
134
118
0
0
0
0
0
0
0
0
142
146
145
141
140
137
143
0
0
0
0
0
0
0
0
0
0
0
171
158
151
149
151
144
143
141
139
138
138
139
137
139
141
142
143
143
153
138
129
134
0
0
0
0
0
0
0
0
0
0
0
0
0
0
0
0
0
0
0
0
0
0
0
0
0
0
0
0
0
158
150
142
106
104
101
107
101
104
105
112
166
112
109
130
112
110
115
128
131
132
126
116
119
118
113
112
105
106
110
0
0
0
0
0
0
0
0
0
0
0
0
0
0
0
0
0
0
0
0
0
0
0
0
0
0
173
167
153
129
131
127
125
131
127
128
128
119
123
122
120
117
115
145
157
179
137
133
129
132
131
140
124
106
85
88
86
0
0
0
0
0
0
0
0
0
0
0
0
0
0
0
0
0
0
0
0
0
0
0
0
0
0
0
165
166
170
153
144
133
125
123
121
119
118
116
114
112
110
110
110
110
109
109
109
105
108
108
107
117
116
120
117
0
0
0
0
0
0
0
0
0
116
126
110
112
123
121
120
135
126
115
111
138
116
120
117
120
112
113
120
0
0
0
0
0
0
0
0
0
0
0
0
0
0
0
0
0
0
0
