0
0
0
0
0
0
0
0
0
0
0
0
0
0
0
0
0
0
0
0
0
0
0
0
0
0
0
0
0
0
0
0
0
0
0
0
0
0
0
0
0
0
0
0
0
0
0
0
0
0
0
0
0
0
0
0
0
0
131
130
120
120
123
126
128
130
130
132
131
141
138
138
140
144
148
150
149
153
157
160
163
166
170
172
174
176
176
176
171
166
164
160
158
155
151
150
143
152
144
143
142
141
141
140
139
138
136
135
132
131
128
125
123
122
122
123
127
126
128
128
128
126
126
125
126
128
125
126
126
127
127
125
123
121
118
113
117
115
115
112
117
120
127
129
135
134
132
131
129
127
123
119
115
109
106
102
103
106
107
106
106
107
107
108
106
107
110
111
111
114
131
133
133
128
138
137
131
119
0
0
0
0
0
0
0
0
111
106
105
106
108
130
139
146
134
0
0
0
0
0
0
148
136
139
59
60
62
62
62
61
62
65
73
66
67
66
67
70
68
83
79
85
95
113
115
115
127
95
124
137
136
137
140
143
140
142
142
142
137
137
135
136
132
128
140
0
0
0
0
0
0
0
0
0
0
0
0
0
168
127
129
127
125
122
120
120
120
119
118
119
117
117
117
117
115
116
116
114
114
112
116
116
114
114
115
116
117
114
108
0
0
0
0
0
0
0
209
217
223
219
230
218
173
206
152
130
66
63
65
64
128
128
131
129
133
133
136
135
132
129
121
108
75
72
76
85
84
100
105
109
121
113
119
119
118
115
113
113
113
113
111
110
110
110
111
111
109
109
109
109
107
108
110
109
108
101
106
0
0
0
0
0
0
0
0
0
0
0
0
0
0
0
0
0
0
0
0
55
63
68
65
65
57
58
61
157
160
160
149
166
166
123
123
120
138
122
84
71
67
58
62
60
61
58
63
65
65
