0
0
0
0
0
0
0
0
0
0
0
0
0
0
0
0
0
0
0
0
0
0
0
0
0
0
0
0
0
0
0
0
0
0
0
0
0
0
0
0
0
0
0
0
0
0
0
0
0
0
0
0
0
0
0
0
0
0
0
0
0
0
0
165
151
140
142
143
144
146
151
155
158
155
137
134
141
153
106
112
110
111
0
0
0
0
0
0
0
137
138
129
124
122
120
120
120
119
117
118
119
117
115
112
117
0
0
0
0
0
0
0
0
0
0
0
0
0
0
0
184
178
148
145
150
150
143
132
134
0
0
0
0
0
0
0
0
0
0
0
169
168
126
121
120
119
123
117
119
119
119
114
112
110
106
0
0
0
0
0
0
0
0
0
0
0
0
0
0
0
0
0
0
0
0
167
127
129
127
129
130
129
123
131
140
158
0
0
0
0
0
0
0
0
0
0
0
125
132
126
117
159
149
144
130
128
124
123
113
105
137
128
121
0
0
0
0
0
0
0
0
0
0
0
0
149
127
124
120
120
119
120
120
119
116
115
118
118
119
119
119
121
116
115
115
115
116
115
113
113
113
112
111
111
108
102
112
109
112
107
105
104
103
103
104
108
108
108
107
108
112
117
110
122
118
84
54
58
65
58
61
60
63
63
62
60
118
121
113
115
111
113
118
126
115
115
119
131
112
111
113
134
110
112
0
0
0
0
0
0
0
0
0
0
