0
0
0
0
0
0
0
0
0
0
0
0
0
0
0
0
0
0
0
0
0
0
0
0
0
0
0
0
0
0
0
0
0
0
0
0
0
0
0
0
0
0
0
0
0
0
0
0
0
0
0
0
0
0
0
0
0
0
0
0
0
0
0
0
0
0
0
0
0
127
127
133
138
137
124
128
0
0
0
0
0
180
170
169
163
150
139
129
157
0
0
0
0
0
0
0
0
163
164
166
163
162
158
148
190
0
0
0
0
0
0
0
0
0
0
0
0
0
0
0
0
0
147
142
145
142
141
138
133
114
124
133
143
129
126
141
144
0
0
0
0
0
0
169
151
148
144
140
138
141
128
130
134
138
136
115
110
94
75
71
67
68
73
71
65
0
0
0
0
0
0
0
0
0
0
0
0
0
132
131
128
127
104
107
128
123
120
121
114
111
111
100
103
101
113
117
144
154
154
121
100
109
122
120
134
131
130
131
133
131
137
129
144
140
95
94
131
133
133
134
134
134
134
135
135
122
125
124
131
137
141
143
136
141
139
139
137
133
130
126
124
124
126
121
122
122
121
118
112
107
99
125
164
128
125
126
121
123
118
0
0
0
0
0
0
0
0
0
0
0
0
0
143
154
133
119
115
128
126
112
110
111
110
108
107
108
106
104
107
0
0
0
0
0
0
0
0
0
167
176
126
107
106
111
0
0
0
0
0
0
0
0
0
0
0
0
0
0
0
0
0
0
0
0
0
0
0
0
0
0
0
0
0
0
0
0
0
0
0
0
0
0
0
0
0
0
0
0
0
0
0
0
0
0
0
0
0
0
0
0
0
