0
0
139
129
123
114
120
126
133
121
120
121
145
147
114
122
130
119
125
118
150
134
112
117
134
119
133
139
126
121
131
123
118
117
135
119
125
120
120
119
125
0
0
0
0
0
0
0
0
0
0
0
0
0
0
0
0
0
0
0
0
0
0
0
0
0
208
196
200
194
188
181
175
169
167
160
177
0
0
0
0
0
207
206
206
208
206
204
203
201
199
183
185
186
0
0
0
0
0
0
189
198
191
187
182
177
167
162
153
151
134
169
155
158
169
0
0
0
177
205
197
197
198
197
192
193
195
197
195
199
204
206
205
121
122
131
138
129
0
0
0
0
0
0
0
0
0
0
0
0
0
0
0
0
0
0
0
0
0
0
0
0
0
0
213
176
175
174
175
176
177
179
182
185
190
193
197
199
199
196
179
0
0
0
0
0
0
0
0
0
0
0
235
213
210
207
199
188
181
177
171
162
160
168
187
136
170
160
185
182
171
198
200
207
218
217
216
212
202
188
178
0
0
0
0
0
0
0
0
0
0
0
209
210
201
200
190
184
180
174
174
174
174
174
173
174
96
97
94
96
94
93
83
83
161
157
170
172
174
172
167
0
0
0
0
0
0
0
0
0
0
0
0
0
108
122
102
101
101
102
106
106
102
99
96
197
193
199
195
196
191
183
0
0
0
0
0
0
0
0
0
0
0
115
109
101
104
99
103
119
137
152
140
138
137
280
233
234
206
193
176
189
190
189
191
192
195
197
200
204
205
206
204
203
201
197
191
186
178
169
164
163
161
158
156
154
156
157
159
162
163
163
163
166
169
171
171
171
173
173
178
186
192
205
206
212
214
220
225
227
231
234
238
238
239
242
244
244
242
241
241
252
248
246
123
125
126
132
124
126
115
124
123
119
123
129
124
122
123
123
127
65
64
64
65
65
66
59
66
67
62
118
117
118
123
112
120
111
127
123
116
125
119
119
0
0
0
0
0
0
0
0
0
0
0
0
0
0
0
0
0
0
0
0
0
0
0
0
0
0
0
0
0
0
