0
0
0
0
0
0
0
0
0
0
0
0
0
0
0
0
0
0
0
0
0
0
0
0
0
0
0
0
0
0
0
0
0
0
0
0
0
0
0
0
0
0
0
0
0
0
0
0
0
0
0
0
0
0
0
0
0
0
0
0
0
0
0
0
0
0
0
0
0
0
0
0
0
0
0
0
0
0
0
0
0
0
0
0
0
0
0
0
0
0
0
0
0
0
0
0
0
0
0
0
0
0
0
0
0
0
0
0
0
0
0
0
0
0
0
0
0
0
0
0
0
208
209
213
215
211
208
208
203
197
193
188
167
171
0
0
0
0
0
0
0
0
0
0
0
0
0
0
0
0
0
0
0
0
0
0
210
215
208
204
200
194
185
185
184
184
181
174
166
156
162
150
0
0
0
0
0
0
0
0
0
0
0
0
0
92
89
91
99
113
134
117
124
111
108
124
121
125
129
128
123
154
172
174
173
175
176
177
179
180
183
183
184
186
186
186
185
183
182
180
178
152
162
180
171
0
0
0
0
0
0
0
178
166
154
147
143
141
139
138
136
134
129
121
131
142
178
176
155
142
138
136
140
140
141
141
139
137
135
137
140
142
100
120
108
111
0
0
0
0
196
188
177
173
172
170
170
169
169
170
170
170
169
168
167
166
164
156
145
140
144
143
144
149
152
154
154
151
150
148
147
145
140
135
130
128
128
127
131
133
141
141
141
138
134
130
0
0
0
0
0
0
0
0
0
0
0
0
0
217
194
191
195
195
197
195
191
191
194
189
184
180
0
0
0
0
0
0
0
0
0
0
0
0
0
0
0
0
0
0
0
0
0
0
0
0
0
177
159
153
147
143
140
137
135
133
131
130
126
125
125
0
0
0
0
0
0
0
0
0
0
0
0
0
0
0
0
0
131
140
137
136
132
129
128
123
119
116
112
104
115
120
117
110
117
118
112
117
0
0
0
0
0
0
0
0
0
126
126
115
114
111
108
109
106
110
0
0
0
0
0
0
0
0
0
0
0
0
0
0
0
0
0
0
0
0
0
0
0
0
0
0
0
0
0
0
0
0
0
0
0
0
0
0
0
0
0
0
0
0
0
0
0
0
0
0
0
0
0
0
0
0
0
0
0
0
0
0
0
0
0
0
0
0
0
0
0
0
0
0
0
0
0
0
0
0
0
0
0
0
0
0
0
0
0
0
0
0
