0
0
0
0
0
0
0
0
130
132
127
124
113
124
118
118
109
118
118
133
109
118
124
115
120
128
120
117
116
132
115
116
129
108
124
117
119
126
125
112
133
121
112
121
117
112
119
118
115
121
126
110
133
120
130
121
126
124
125
119
123
124
111
120
118
124
110
128
118
112
123
120
112
121
133
112
124
118
134
114
128
112
121
135
0
0
0
0
0
0
0
188
186
189
190
192
197
197
198
200
202
204
205
207
208
208
207
206
205
204
205
203
201
198
195
188
175
163
161
162
161
164
175
176
179
179
177
173
168
161
157
153
150
147
143
139
137
134
133
135
143
164
165
166
143
189
169
151
108
132
141
109
131
119
126
121
117
126
123
121
130
119
133
120
116
123
125
126
123
123
123
110
108
94
87
87
90
94
103
99
189
199
205
205
211
213
215
217
205
199
201
201
200
0
0
0
0
0
0
0
0
0
0
0
0
0
0
189
188
187
186
186
186
184
184
182
184
183
182
181
176
177
179
179
180
177
179
177
184
187
182
179
178
177
177
177
177
177
177
177
177
177
173
175
183
181
197
0
0
0
0
0
208
220
220
199
208
215
193
229
202
163
165
165
152
148
141
143
142
145
140
143
150
152
158
179
169
175
175
177
185
186
183
180
179
181
180
181
181
175
181
181
184
182
178
170
162
0
0
0
0
0
0
0
0
0
0
153
155
156
153
148
145
139
129
133
121
112
130
103
110
117
123
127
108
109
125
133
161
168
138
141
142
138
138
132
124
0
0
0
0
0
0
0
0
0
0
0
0
181
192
188
190
191
190
189
186
183
172
166
164
155
150
148
154
164
168
170
173
174
172
169
166
164
160
154
150
148
146
146
142
140
131
112
115
122
120
0
0
189
172
175
176
176
177
176
168
165
164
159
151
137
0
0
0
0
0
0
182
182
174
169
163
165
164
162
162
161
161
162
162
164
166
167
168
169
172
175
173
173
174
173
172
167
171
173
173
172
171
174
167
170
172
0
0
0
0
0
0
0
0
0
0
0
0
0
178
165
162
158
154
153
149
142
145
145
143
141
136
128
0
0
0
0
0
0
0
0
0
0
0
0
0
181
173
171
167
164
159
152
144
140
136
148
104
93
82
70
69
68
68
71
77
82
79
147
138
133
132
130
130
126
122
0
0
0
0
0
0
0
0
0
0
0
0
0
0
0
0
0
0
0
0
0
0
0
0
0
0
0
0
0
0
0
0
0
0
0
0
0
0
0
0
0
0
0
0
0
0
0
0
0
0
0
0
0
0
0
0
0
0
0
0
0
0
0
0
0
0
0
0
0
0
0
0
0
0
0
0
0
