0
0
0
0
0
0
0
0
0
0
0
0
0
0
0
0
0
0
0
0
0
0
0
0
0
0
0
0
0
0
0
0
0
0
0
0
0
0
0
0
0
0
0
0
0
0
0
0
0
0
0
0
0
0
0
0
0
0
0
0
0
0
0
0
0
0
0
0
0
0
0
0
0
0
0
0
0
0
0
0
369
331
312
301
298
210
199
172
168
175
179
179
180
181
186
189
191
193
194
195
195
197
198
207
211
210
211
212
212
212
213
214
215
214
212
213
214
213
213
213
211
211
210
207
202
181
180
189
209
202
207
201
0
0
0
0
0
0
0
0
0
0
199
177
181
180
180
179
179
178
177
178
179
180
182
184
186
190
191
193
194
195
197
200
202
202
203
203
199
192
175
166
0
0
0
0
0
0
0
0
0
0
0
0
0
159
163
165
169
171
169
167
165
161
156
141
126
0
0
0
0
0
0
0
0
169
175
169
169
169
168
167
165
165
165
164
165
165
164
163
163
162
160
155
151
148
146
145
143
145
149
155
160
169
172
175
176
178
178
178
177
177
176
175
173
171
169
165
165
164
162
159
156
157
156
154
150
146
137
137
0
0
0
0
0
0
0
181
156
161
159
162
164
163
162
163
165
165
165
161
162
155
125
89
86
82
83
86
86
0
0
0
0
0
160
151
139
130
130
0
0
0
0
0
0
0
0
0
0
0
0
0
181
167
168
165
161
158
157
157
158
159
156
156
151
149
143
142
140
142
145
149
152
152
148
141
137
0
0
0
146
141
137
156
141
159
0
0
0
0
0
0
0
0
0
187
162
159
158
157
156
155
153
153
151
150
149
149
149
148
147
138
133
133
136
139
131
122
0
0
0
0
163
155
147
148
148
148
148
147
157
151
152
151
151
151
152
151
153
155
155
155
154
154
155
153
152
150
147
148
149
149
148
149
149
155
155
155
153
152
149
141
133
133
0
0
0
0
0
0
0
0
0
0
0
0
0
0
0
0
145
147
149
149
147
137
135
135
134
128
132
127
109
0
0
0
0
0
0
0
0
0
0
0
0
0
0
0
0
0
0
0
0
0
0
0
0
0
0
0
0
0
0
0
0
0
0
0
0
0
0
0
0
0
0
0
0
0
0
0
0
0
0
0
0
0
0
0
0
0
0
0
0
0
0
0
0
0
0
0
0
0
0
0
0
0
0
0
0
0
0
0
0
0
0
0
