0
0
0
0
0
0
0
0
0
0
0
0
0
0
0
0
0
0
0
0
0
0
0
0
0
0
0
0
0
0
0
0
0
0
0
0
0
0
0
0
0
0
0
0
0
0
0
0
0
0
0
0
0
0
0
0
0
0
0
0
0
0
0
0
0
0
0
0
0
0
0
0
0
0
0
0
0
0
0
0
0
0
0
0
0
0
0
0
0
0
188
195
215
206
186
231
208
198
207
235
235
175
182
169
152
0
0
0
0
0
0
0
0
0
0
0
0
0
0
0
0
0
115
114
111
107
103
95
86
85
82
98
104
104
105
0
0
0
0
0
0
0
0
0
0
0
0
0
0
0
205
194
180
171
162
158
162
146
143
142
193
202
188
186
187
185
184
183
181
180
182
180
177
174
171
153
153
0
0
0
0
0
0
0
0
0
0
0
0
0
0
0
0
195
189
187
193
193
192
192
193
193
194
195
195
198
198
199
199
196
196
190
186
177
180
176
173
171
168
176
170
168
165
161
158
156
154
153
152
150
148
145
144
142
141
141
139
137
136
136
134
133
132
132
132
134
132
124
63
59
54
58
113
81
85
110
122
126
136
120
119
116
112
117
124
132
120
133
141
115
121
120
118
119
85
86
111
114
112
118
116
117
116
115
116
113
110
121
113
112
112
0
0
0
0
0
0
0
0
0
0
0
0
0
0
0
0
0
0
0
0
0
163
151
160
155
159
162
163
165
165
166
173
174
177
176
178
176
166
158
153
0
0
0
0
0
179
195
194
197
198
201
202
201
198
200
212
197
213
214
199
196
191
0
0
0
213
199
176
174
168
156
151
142
0
0
0
0
0
0
0
0
0
0
0
0
0
0
0
0
0
207
185
182
181
179
166
171
171
171
171
172
177
178
177
176
174
170
173
176
174
174
174
173
170
167
163
153
0
0
0
0
0
0
0
0
0
0
0
0
184
182
182
182
183
181
181
179
180
183
186
187
186
185
182
185
182
179
177
178
176
171
167
162
158
151
143
142
136
0
0
0
0
188
158
155
150
148
145
134
143
143
145
143
144
144
144
143
142
139
133
135
134
132
132
130
131
132
131
130
129
129
127
126
126
125
125
125
124
124
123
123
122
122
123
123
128
133
119
134
129
128
119
125
133
122
118
0
0
111
132
130
128
123
131
124
117
119
133
132
124
124
0
0
0
0
0
0
0
0
0
0
0
0
0
0
0
0
0
0
0
0
0
0
0
0
0
0
0
0
0
0
0
0
0
0
0
0
0
0
0
0
0
0
0
0
0
0
0
0
0
0
0
0
0
0
0
0
0
0
0
0
0
0
0
0
0
0
0
0
0
0
0
0
0
0
0
