142
124
117
118
124
114
128
133
110
113
112
124
121
134
114
106
123
126
128
137
127
110
123
122
123
120
125
135
126
124
117
125
122
120
118
122
114
111
132
133
111
125
126
112
122
116
121
120
125
117
116
120
126
113
127
0
0
0
0
0
0
0
0
0
0
0
0
0
0
0
0
0
0
0
0
0
0
0
0
0
0
103
119
116
119
115
126
128
131
113
106
84
110
110
112
123
98
93
97
89
83
85
0
0
0
0
0
0
0
215
224
211
208
207
206
203
201
202
200
197
199
199
202
210
218
225
227
227
226
225
222
219
215
214
206
203
208
211
213
214
208
205
204
197
190
183
165
163
177
0
0
0
0
0
0
0
0
0
193
162
169
176
177
177
178
176
175
173
169
164
202
236
240
239
127
131
116
106
125
61
63
61
61
64
60
57
65
59
59
118
125
124
121
123
122
124
123
119
108
125
118
119
124
136
135
122
128
124
157
135
184
164
153
157
156
157
159
160
162
163
167
179
189
193
193
195
196
200
201
202
202
203
203
203
202
201
200
197
193
190
186
183
179
175
174
166
163
160
155
151
144
144
142
133
131
134
128
0
0
0
0
0
0
0
0
0
0
0
0
105
120
126
118
124
123
124
119
107
110
0
0
161
170
181
189
198
197
192
170
168
174
166
183
197
208
202
182
175
173
179
180
182
207
215
0
0
0
414
417
419
418
428
0
0
0
0
0
0
187
187
182
181
181
182
183
184
185
181
180
183
182
182
178
171
159
179
179
0
0
0
0
0
0
0
0
0
165
180
168
158
150
145
141
138
131
0
0
0
0
0
0
0
0
0
0
0
110
114
116
118
146
151
146
154
155
158
161
160
159
157
156
154
154
152
150
149
146
144
141
140
140
139
138
137
137
133
131
131
126
125
129
132
112
110
0
0
0
0
0
0
0
0
0
0
0
0
0
0
0
0
0
0
0
0
0
0
0
0
0
0
0
0
0
0
0
0
0
0
0
0
0
0
155
149
152
151
149
146
151
153
156
156
157
159
161
165
166
167
164
161
165
127
110
102
125
145
142
0
0
0
0
0
0
0
0
0
174
168
169
171
170
177
174
173
173
174
174
175
177
177
175
173
168
174
178
177
176
174
171
165
167
170
187
186
232
216
243
242
258
275
276
203
179
180
186
186
186
190
193
194
187
160
159
162
166
181
162
181
181
186
187
189
187
185
183
180
178
176
176
174
170
165
162
159
161
159
158
157
154
153
146
151
150
152
148
147
146
143
139
134
133
132
132
135
143
148
147
145
142
141
148
140
138
137
142
144
146
144
163
158
147
148
148
149
148
147
146
146
144
144
143
142
143
143
142
141
141
140
141
139
138
135
136
135
0
0
0
0
0
0
0
0
0
0
0
0
0
0
0
0
0
0
0
0
0
0
0
0
0
0
0
0
0
0
0
0
0
0
0
0
0
0
0
0
0
0
0
0
0
0
0
0
0
0
0
0
0
0
0
0
0
0
0
0
0
0
0
0
0
0
0
0
0
0
0
0
0
0
0
0
0
0
0
0
0
0
0
0
0
0
0
0
0
0
0
0
0
0
0
0
0
0
0
0
0
0
0
0
0
0
