0
0
0
0
0
0
0
0
0
0
0
0
0
0
0
0
0
0
0
0
0
0
0
0
0
0
0
0
0
0
0
0
0
0
0
0
0
0
0
0
0
0
0
0
0
0
0
0
0
0
0
0
0
0
0
0
0
0
0
0
0
0
0
0
0
0
0
0
0
0
0
0
0
0
0
0
0
0
0
0
0
0
0
0
0
0
0
0
0
0
0
0
0
0
0
0
0
0
0
0
0
0
0
0
0
0
0
0
0
0
0
0
0
0
0
182
155
147
142
149
151
154
157
161
164
166
169
171
181
188
187
190
191
195
197
199
198
191
201
202
201
199
196
195
195
194
189
186
182
179
173
163
155
166
187
172
176
180
0
0
0
0
0
206
188
190
188
189
189
190
187
0
0
0
0
0
0
0
0
0
0
0
0
0
0
0
0
0
0
150
156
150
149
147
146
144
144
143
142
144
145
148
148
147
143
137
136
0
0
0
0
0
0
0
0
0
0
0
0
0
164
164
168
173
178
181
177
175
172
171
169
162
169
171
180
182
181
185
196
200
198
179
161
169
169
169
167
167
168
166
164
162
162
161
162
161
161
161
158
159
163
162
164
165
173
171
174
175
175
174
169
163
156
152
0
0
0
0
0
0
0
0
0
0
0
0
0
0
0
0
0
0
0
0
165
155
154
148
144
140
139
135
133
131
137
136
135
136
140
142
186
136
133
145
139
138
139
137
137
135
133
0
132
133
123
133
132
111
94
97
99
101
101
197
188
180
175
173
171
168
165
160
160
155
145
137
0
0
0
0
0
0
0
0
0
0
159
166
156
153
149
146
144
143
145
146
149
150
151
151
153
153
154
155
155
155
154
154
153
152
151
150
148
145
141
139
136
131
129
126
147
190
200
215
0
0
0
0
0
0
0
0
0
0
0
0
0
0
0
0
0
0
0
0
115
117
126
116
113
117
109
110
110
122
119
116
159
158
126
117
124
0
0
0
0
0
0
0
0
0
0
0
0
0
154
154
154
154
153
148
140
134
130
131
0
0
0
0
0
0
0
0
0
0
0
0
0
0
0
0
0
0
0
158
160
151
146
142
141
140
138
138
136
135
132
130
130
132
139
143
145
147
146
145
144
144
144
144
143
143
141
140
139
137
136
134
132
128
126
124
122
122
120
118
117
116
122
127
121
0
0
0
0
0
0
0
0
0
0
0
0
0
0
0
0
0
0
0
0
126
130
133
129
130
131
134
133
132
135
141
133
115
133
133
127
125
118
125
120
0
0
0
0
0
0
0
0
0
0
0
0
0
0
0
0
0
0
0
0
0
0
0
0
0
0
0
0
0
0
0
0
0
0
0
0
0
0
0
0
0
0
0
0
0
0
0
0
0
0
0
0
0
0
0
0
0
0
0
0
0
0
