0
0
0
0
0
0
0
0
0
0
0
0
0
0
0
0
0
0
0
0
0
0
0
0
0
0
0
0
0
0
0
0
0
0
0
0
0
0
0
0
0
0
0
0
0
0
0
0
0
0
0
0
0
0
0
0
0
0
0
0
0
0
0
0
0
0
0
0
0
0
191
182
174
0
0
0
0
0
0
0
0
0
197
200
202
202
198
203
0
0
0
0
0
209
222
217
217
215
214
212
209
203
199
198
197
193
186
181
173
174
0
0
0
0
0
0
0
0
0
179
199
188
183
180
177
178
174
170
166
165
153
134
133
161
163
0
0
0
0
0
0
0
0
0
0
0
0
0
0
0
0
0
0
0
0
0
0
0
181
178
178
175
175
175
174
175
173
173
171
170
169
167
166
164
159
154
147
140
138
152
81
86
92
84
87
102
121
120
129
135
191
186
167
156
158
160
163
166
171
174
175
174
173
171
163
161
158
157
152
155
156
151
151
151
148
146
137
153
152
158
179
183
154
169
169
168
167
169
171
175
177
182
186
187
184
165
0
0
0
0
0
0
0
0
0
147
150
146
142
139
134
134
134
133
129
126
124
120
113
124
118
141
122
114
109
110
114
115
114
107
130
129
151
203
161
172
169
169
175
178
179
183
188
194
198
199
199
201
206
211
219
0
0
0
0
0
0
0
0
0
0
0
0
0
0
0
0
0
0
0
0
0
0
0
0
0
0
0
0
0
0
0
0
0
0
0
0
0
0
0
0
0
0
0
0
0
0
0
0
0
0
0
0
0
0
0
0
0
0
0
0
0
0
0
125
123
126
129
124
122
125
126
126
126
61
66
65
64
