0
0
0
0
0
0
0
0
0
0
0
0
0
0
0
0
0
0
0
0
0
0
0
0
0
0
0
0
0
0
0
0
0
0
0
0
0
0
0
0
0
0
0
0
0
0
0
0
0
111
111
128
137
124
131
0
0
0
0
0
0
0
0
0
265
249
196
183
190
191
195
203
207
213
218
222
225
227
225
208
207
0
0
0
0
0
0
0
0
0
0
0
0
0
0
0
0
0
0
0
205
227
221
223
227
228
225
218
212
216
214
214
215
216
218
217
215
214
212
210
209
206
201
192
187
183
181
179
181
184
194
203
206
196
193
192
193
197
201
206
210
213
217
221
225
230
233
239
242
242
245
251
254
256
261
266
270
276
277
278
273
269
265
266
256
254
242
0
0
0
0
0
0
0
0
0
0
0
0
0
0
0
0
0
120
122
117
125
125
125
123
110
0
0
0
0
0
0
0
0
0
0
0
0
0
0
0
0
0
0
0
0
0
0
0
0
0
0
0
0
0
0
0
0
0
0
0
0
0
0
0
0
0
0
0
0
0
0
0
0
0
0
0
0
0
0
0
0
0
0
