0
0
0
0
0
0
0
0
0
0
0
0
0
0
0
0
0
0
0
0
0
0
0
0
0
0
0
0
0
0
0
0
0
0
0
113
118
112
113
121
120
125
126
124
110
124
108
111
0
0
0
0
0
0
0
0
0
0
0
0
0
0
0
0
0
0
0
0
0
0
0
0
0
0
0
0
0
0
0
0
0
198
161
161
155
0
0
0
0
0
0
0
0
0
0
0
0
0
0
0
0
226
234
230
230
225
222
221
209
0
0
0
0
0
0
0
0
0
0
0
0
0
0
239
248
237
242
242
246
235
214
207
194
0
0
0
0
0
0
0
0
228
229
211
204
197
201
212
223
204
219
0
0
0
0
0
0
0
0
181
196
192
189
182
0
0
0
0
0
0
0
0
0
212
211
197
203
201
195
193
189
186
177
169
163
149
0
0
0
0
0
0
0
0
0
0
0
0
0
0
0
0
0
0
0
0
0
0
0
0
0
0
0
0
0
0
0
0
0
172
173
172
174
175
176
179
183
183
171
184
186
189
189
189
188
186
184
188
185
186
183
181
180
177
172
165
169
167
164
162
163
161
161
160
157
154
152
148
144
144
144
148
152
159
162
161
151
161
160
160
167
165
168
168
167
164
159
162
162
154
147
0
0
0
0
0
0
0
0
0
0
0
0
182
190
191
194
187
183
178
101
107
104
102
95
196
191
186
186
185
0
0
0
227
220
214
211
202
202
196
192
96
98
96
94
92
89
86
85
83
82
75
79
149
150
151
151
152
152
142
150
148
149
147
146
143
148
144
154
0
0
0
0
0
100
104
107
93
90
89
91
117
115
112
110
96
96
94
91
90
176
178
182
186
190
173
193
199
204
223
231
236
239
241
240
234
224
210
197
197
198
179
231
232
252
0
0
241
195
193
181
177
174
170
165
159
152
138
141
140
139
138
155
126
159
158
144
146
141
138
137
137
138
140
136
135
132
130
128
127
127
126
126
126
123
125
129
130
121
128
109
142
120
123
112
131
129
128
129
123
0
0
0
0
0
0
0
0
0
0
0
0
0
0
0
0
0
0
0
0
0
0
0
0
0
0
0
0
0
0
0
0
0
0
0
0
0
0
0
0
0
0
0
0
0
0
0
0
0
0
