0
120
121
115
112
119
127
132
141
119
120
125
129
124
117
124
121
123
113
138
119
116
121
129
111
117
123
121
117
144
113
111
113
123
112
118
133
117
131
116
136
129
121
116
135
141
113
131
123
118
124
122
130
131
132
147
127
132
134
133
133
133
140
143
144
193
177
163
170
171
192
183
162
183
184
186
193
195
201
204
207
211
212
211
198
190
193
195
200
199
198
200
198
196
197
200
198
196
197
198
199
201
203
202
197
190
180
177
0
0
0
0
0
0
0
0
0
0
0
0
0
0
0
0
0
204
176
175
173
170
166
158
153
146
145
140
0
0
0
0
0
0
0
176
163
158
0
0
0
0
0
0
0
0
0
0
0
0
0
0
0
0
175
164
166
166
167
168
171
173
175
179
181
184
185
186
188
187
189
188
186
184
171
161
176
180
0
0
0
0
0
184
163
156
152
149
147
144
141
139
138
135
133
133
131
134
135
136
134
133
147
132
93
126
109
112
126
129
118
131
120
127
127
110
134
141
110
111
133
123
129
114
124
122
121
112
116
119
127
0
0
0
0
0
0
172
157
159
159
158
156
156
158
161
164
166
167
168
168
169
171
172
172
173
173
166
153
149
141
0
0
0
0
0
175
170
162
158
155
153
151
144
141
139
137
138
140
138
131
138
141
144
146
151
175
161
161
158
156
153
154
151
149
156
157
156
155
155
149
144
140
140
145
148
144
148
160
161
166
169
173
178
182
183
183
183
182
180
177
173
167
163
163
0
0
0
0
0
0
0
0
0
0
0
0
0
0
0
184
153
158
160
156
160
159
161
163
164
166
167
167
166
166
164
156
151
146
146
148
150
152
155
156
153
149
147
146
152
147
146
144
143
145
146
145
143
139
136
134
133
131
132
135
141
146
146
145
145
148
150
153
153
153
153
155
155
155
155
154
151
149
147
146
144
140
138
136
136
136
135
136
135
137
136
134
0
0
0
0
0
0
0
0
0
0
133
131
131
119
123
125
142
123
124
127
150
114
115
119
108
114
118
111
112
114
115
113
113
117
114
114
112
116
109
0
0
0
0
0
0
0
0
0
0
0
0
0
0
0
0
