0
0
117
123
124
113
121
120
120
107
112
115
105
114
107
112
0
0
0
0
0
0
0
0
0
0
0
0
0
0
0
0
0
0
0
0
0
0
0
243
248
204
189
178
173
169
170
0
0
0
0
0
0
0
0
0
0
0
0
0
0
0
0
221
235
230
228
234
229
230
219
215
210
203
196
191
179
163
0
0
0
0
0
0
0
0
0
0
0
0
227
225
217
215
214
212
210
207
206
206
205
203
200
186
179
178
0
0
0
0
0
0
0
0
209
189
189
185
187
179
179
169
163
159
158
161
170
165
176
178
175
176
171
170
159
155
148
146
146
147
146
147
146
147
0
0
0
0
0
179
180
176
177
176
174
172
169
168
167
165
165
165
162
157
153
155
152
152
151
150
150
148
140
148
145
143
141
137
136
134
130
132
133
128
139
0
0
0
0
0
125
124
123
138
122
123
124
128
116
110
110
142
115
122
65
125
118
121
125
129
130
119
111
120
110
113
112
110
114
111
130
130
123
115
117
108
164
194
194
172
180
180
184
185
181
175
169
167
170
174
176
187
0
0
0
235
207
206
203
204
199
197
191
189
191
183
176
94
88
85
89
103
124
129
136
194
194
183
177
192
197
200
203
202
205
209
212
214
208
189
185
0
0
0
0
0
0
0
202
200
199
193
187
178
166
158
142
0
0
0
0
0
0
0
0
0
0
0
216
201
194
193
192
191
188
186
183
178
179
183
186
185
182
176
173
174
172
169
165
168
160
155
151
147
144
141
136
131
136
130
125
120
119
119
118
115
116
113
115
115
115
115
114
113
116
130
144
134
127
155
152
81
70
69
65
60
60
55
62
60
59
64
64
63
56
64
66
60
62
64
130
135
119
117
117
113
120
117
118
114
110
120
111
0
0
0
0
0
0
0
0
0
0
0
0
0
0
0
0
0
0
0
0
0
0
0
0
0
0
0
0
0
0
0
0
0
0
0
0
0
0
0
0
0
0
0
0
