0
0
0
0
0
0
0
0
0
0
0
0
0
0
0
0
0
0
0
0
0
0
0
0
0
0
0
0
0
0
0
0
0
0
0
0
0
0
0
0
0
0
0
0
0
0
0
0
0
0
0
0
0
0
0
0
0
0
0
0
0
0
0
0
0
0
0
0
0
0
0
0
0
0
0
0
0
0
0
0
0
0
0
0
0
0
216
199
191
195
194
195
197
198
198
201
205
207
207
208
204
204
206
206
205
204
202
190
178
170
166
166
177
176
0
0
0
0
0
0
0
0
205
207
216
217
216
214
213
214
215
216
215
214
215
214
216
213
210
105
118
111
114
112
112
110
0
0
0
0
0
0
0
0
0
0
0
0
0
0
220
198
190
185
178
172
170
167
174
176
173
171
169
168
166
166
167
166
166
165
165
164
164
163
161
161
160
159
158
156
153
150
140
140
140
155
205
157
152
156
154
154
152
150
145
140
133
134
138
0
0
0
0
0
0
0
0
0
0
0
0
160
154
131
137
133
127
125
124
122
116
112
138
126
125
122
122
0
0
0
0
0
0
0
0
0
0
0
0
0
0
0
0
0
0
0
0
0
0
0
0
0
0
0
0
0
0
0
0
0
0
0
0
0
0
0
0
0
0
0
0
0
0
0
0
0
0
0
0
0
0
0
0
0
0
0
0
0
0
0
0
0
0
0
0
0
0
0
0
0
0
0
0
0
0
0
0
0
0
0
0
0
0
0
0
0
0
0
0
0
0
0
0
0
0
0
0
0
0
0
0
