0
0
0
0
0
0
0
0
0
0
0
0
0
0
0
0
0
0
0
0
0
0
0
0
0
0
0
0
0
0
0
0
0
0
0
0
0
0
0
0
0
0
0
0
0
0
0
0
0
0
0
0
0
0
0
0
0
0
0
0
0
0
0
0
0
0
0
0
0
0
0
0
0
0
0
0
0
0
0
0
0
0
0
0
0
0
0
0
0
0
0
0
0
0
0
0
0
0
0
0
0
0
0
0
0
0
0
0
0
0
0
0
0
192
196
196
197
192
192
193
193
194
195
197
198
199
199
197
196
194
193
196
196
195
193
191
189
187
184
180
174
165
161
173
173
177
186
225
126
141
135
129
119
129
113
0
0
0
0
0
0
0
0
0
0
0
197
197
196
198
198
196
195
194
194
192
190
189
187
184
181
178
175
169
159
152
0
0
0
0
0
0
0
0
0
0
0
0
0
0
0
0
0
204
191
194
200
201
201
203
203
204
206
207
207
207
204
198
185
177
173
0
0
0
0
0
0
0
0
0
182
185
153
146
142
139
138
132
126
123
124
0
0
0
0
0
0
0
0
0
0
0
0
0
0
0
184
190
166
168
168
170
172
173
175
175
174
176
181
182
185
189
191
197
203
199
197
198
199
200
200
198
176
162
172
189
198
202
202
0
0
223
176
169
164
160
159
155
153
147
142
135
128
127
121
128
123
120
115
116
115
104
109
97
78
101
145
119
126
119
126
117
127
140
0
0
0
0
0
0
0
0
0
0
0
0
0
0
0
0
0
0
0
0
0
126
134
118
117
131
112
120
125
130
128
113
114
0
0
0
0
0
0
0
0
0
0
0
0
0
0
0
0
0
0
0
0
0
0
0
0
0
0
0
0
0
0
0
0
0
0
0
0
0
0
0
0
0
0
0
0
0
0
0
0
0
0
0
0
0
