0
0
0
0
0
0
0
0
0
0
0
0
0
0
0
0
0
0
0
0
0
0
0
0
0
0
0
0
0
0
0
0
0
0
0
0
0
0
0
0
0
0
0
0
0
0
0
0
0
0
0
0
0
0
0
0
0
0
69
60
59
59
58
64
64
57
57
57
59
62
66
67
64
64
55
64
62
60
59
66
67
0
0
0
0
0
0
0
0
0
0
0
0
0
0
0
0
0
0
0
0
0
0
0
0
0
0
0
0
0
0
0
0
183
179
173
169
169
0
0
0
0
0
0
0
0
0
0
0
0
0
0
0
0
0
0
0
0
209
222
218
214
209
208
207
207
208
211
212
211
210
210
209
206
205
207
201
194
186
178
163
160
169
197
177
164
195
217
202
0
0
0
0
209
194
192
190
187
184
182
182
181
182
181
180
181
178
181
184
189
192
198
199
200
202
204
204
203
196
192
189
186
179
172
168
164
176
175
0
0
0
0
0
0
0
173
158
155
151
147
145
145
145
147
147
147
145
136
138
141
146
158
0
0
0
0
0
188
181
181
183
183
183
182
184
184
183
181
178
168
167
184
185
0
0
0
0
171
155
144
138
135
134
131
128
125
123
118
116
123
126
137
131
139
106
107
105
82
117
120
124
114
121
119
117
112
134
137
111
112
111
110
110
114
129
115
142
117
123
123
124
120
114
118
118
114
126
119
110
111
114
111
0
0
0
0
0
0
0
0
0
0
0
0
0
0
0
0
0
0
0
0
0
0
0
0
0
0
0
0
0
0
0
0
0
0
0
0
0
0
0
0
0
0
0
0
0
0
0
0
0
0
0
0
0
0
