0
0
0
0
0
0
0
0
0
0
65
68
62
64
65
60
64
67
132
122
138
128
129
116
124
126
131
115
119
123
117
117
121
123
0
0
0
0
0
0
0
0
0
0
0
0
0
0
0
0
0
0
0
0
0
0
0
0
0
0
0
0
0
0
0
0
0
0
0
0
0
0
0
0
0
0
0
0
0
0
0
0
324
290
279
271
264
260
257
260
273
275
288
293
288
287
284
285
0
0
0
0
0
0
0
0
0
0
307
286
280
274
262
247
186
191
157
142
135
135
128
0
0
0
0
0
0
0
248
248
247
250
250
251
256
261
268
269
268
269
273
276
278
283
299
319
321
330
0
0
0
0
0
0
0
0
0
0
0
0
0
0
0
0
0
0
0
235
230
229
232
234
240
244
252
256
260
261
262
257
0
0
0
0
0
405
388
367
398
390
351
319
289
302
0
0
0
312
295
288
265
263
265
265
263
260
255
243
267
0
0
0
0
0
0
0
0
0
0
315
271
268
263
247
233
224
215
208
206
205
209
210
209
205
205
208
210
213
217
219
215
207
200
210
0
0
0
0
0
0
0
0
0
0
254
281
262
257
253
251
252
252
253
255
254
243
235
220
206
0
0
0
0
0
0
0
0
318
276
267
212
156
155
164
163
146
145
152
150
151
128
259
258
262
265
264
263
260
256
252
249
249
247
244
242
240
238
232
225
217
209
201
195
186
183
180
181
181
185
186
190
190
192
192
193
195
197
198
202
208
211
215
219
238
246
261
292
367
383
410
416
424
427
429
420
414
409
411
418
418
0
0
0
0
0
0
0
0
0
0
0
0
0
0
0
0
0
0
0
0
0
0
0
0
0
0
0
0
0
0
0
0
0
0
0
0
0
0
0
0
0
0
0
0
0
0
0
0
0
0
0
0
0
0
0
0
0
0
0
0
0
0
0
0
0
0
0
0
0
0
0
0
