0
0
0
0
0
0
0
0
0
0
0
0
0
0
0
0
0
0
0
0
0
0
0
0
0
0
0
0
0
0
0
0
0
0
0
0
0
0
0
0
0
0
0
0
0
0
0
0
0
0
0
0
0
0
0
0
0
0
0
0
0
0
0
0
0
0
0
0
0
0
0
0
0
0
0
0
0
0
0
0
0
0
0
0
0
0
0
0
0
0
0
0
0
0
251
242
260
276
282
284
278
273
274
278
281
284
283
281
283
283
283
282
281
279
278
277
273
270
294
283
277
272
266
260
253
224
182
174
0
0
0
275
211
206
183
202
209
219
225
220
216
213
202
193
192
195
212
223
231
239
253
255
261
270
274
276
278
275
271
264
252
234
234
227
225
215
211
205
207
0
0
0
0
0
0
265
266
274
277
278
276
275
271
267
265
258
248
234
218
201
174
167
163
161
161
163
172
184
194
199
199
199
199
202
204
210
217
223
229
233
228
133
126
97
85
88
105
112
115
113
112
115
112
112
119
0
0
224
250
246
245
243
240
237
236
235
231
227
222
218
213
209
205
203
201
198
195
194
194
197
197
184
190
182
168
168
171
170
171
182
0
0
0
0
219
232
249
266
277
282
282
277
271
258
268
0
0
0
0
0
0
0
301
300
270
268
256
228
179
131
141
140
133
116
118
121
138
0
0
195
189
197
202
204
199
193
186
177
167
155
149
143
139
135
135
133
129
127
126
133
139
130
131
136
137
0
0
0
0
0
0
0
0
0
0
0
0
0
0
0
0
0
0
0
0
0
0
0
0
0
0
0
0
0
0
0
0
0
0
0
0
0
0
0
0
0
0
0
0
0
0
0
0
0
0
0
0
0
0
0
0
0
0
0
0
0
0
0
0
0
0
0
0
0
0
0
0
0
0
0
0
0
0
0
0
0
0
0
0
0
0
0
0
0
0
0
