0
0
0
0
0
0
0
0
0
0
0
0
0
0
0
0
0
0
0
0
0
0
0
0
0
0
0
0
0
0
0
0
0
0
0
0
0
0
0
0
0
0
0
0
0
0
0
0
0
0
0
0
0
0
0
0
0
0
0
0
0
0
0
0
0
0
0
0
0
0
0
0
0
0
0
0
0
0
0
0
0
0
0
0
0
0
0
0
0
0
0
0
0
0
0
0
249
244
236
230
224
223
219
215
214
213
219
219
215
206
196
182
182
175
173
171
167
163
163
170
180
181
206
222
226
225
227
232
241
244
251
255
266
270
276
277
276
270
262
249
230
0
0
0
0
0
0
0
0
0
0
0
0
252
243
234
223
212
209
206
203
200
200
198
197
199
199
196
193
197
208
217
218
223
223
223
225
228
227
215
186
0
0
0
0
0
0
0
0
0
0
0
180
172
167
162
156
147
130
132
0
0
0
0
0
0
0
0
0
0
0
0
0
0
0
265
265
270
272
276
278
278
275
238
238
239
260
259
248
236
226
211
194
178
171
162
154
149
141
137
132
119
116
0
0
0
0
0
0
470
480
471
506
422
453
460
443
499
466
457
0
0
0
0
0
0
0
0
0
0
0
0
0
64
76
101
68
82
94
105
95
82
0
0
0
0
0
0
0
0
0
0
0
0
0
0
0
0
0
0
0
0
0
0
0
0
0
0
0
0
0
0
0
0
0
0
0
0
0
0
0
0
0
0
0
0
0
0
0
0
0
0
0
0
0
0
0
0
0
0
0
0
0
0
0
0
0
0
0
0
0
0
0
0
0
0
0
0
0
0
