0
0
0
0
0
0
0
0
0
0
0
0
0
0
0
0
0
0
0
0
0
0
0
0
0
0
0
0
0
0
0
0
0
0
0
0
0
0
0
0
0
0
0
0
0
0
0
0
0
0
0
0
0
0
0
0
0
0
0
0
0
0
0
0
0
0
0
0
0
0
0
0
0
0
0
0
0
0
0
0
0
0
0
0
0
0
0
0
0
0
0
0
0
0
0
0
0
0
0
255
263
270
275
275
273
265
253
242
231
261
274
271
263
258
0
0
0
0
0
0
245
242
239
231
223
218
205
201
202
199
194
189
185
179
176
173
173
172
174
175
179
184
190
197
202
210
216
221
225
229
233
235
234
231
227
225
220
217
212
206
201
195
189
186
183
179
174
171
167
162
156
154
143
136
133
132
0
0
0
0
131
134
145
147
139
0
0
0
0
0
0
0
0
0
0
0
0
0
0
0
0
0
0
0
0
224
237
249
258
262
264
264
266
267
264
249
230
221
0
0
0
0
0
0
250
224
221
218
213
207
201
195
186
181
173
166
155
146
139
137
141
132
133
136
140
137
0
0
0
0
0
225
238
249
253
254
257
255
247
235
226
206
0
0
0
0
0
0
0
0
0
0
0
0
0
172
182
177
171
163
156
151
144
138
134
0
0
0
0
201
167
168
168
155
167
166
163
184
172
187
209
184
217
213
207
205
208
215
220
227
235
233
177
0
0
0
0
0
0
0
0
0
0
0
0
0
0
0
0
0
0
0
0
215
195
193
190
185
180
173
166
158
154
145
144
141
135
125
146
0
0
0
0
0
0
0
0
0
0
0
233
224
206
216
220
221
218
212
198
183
172
0
0
0
0
0
0
0
0
0
0
0
0
0
0
187
182
181
180
178
175
172
173
169
166
165
155
160
150
135
126
0
0
0
0
0
185
163
159
154
151
147
144
141
138
135
133
132
155
150
166
170
171
171
169
167
167
166
166
164
164
166
169
175
180
187
193
200
204
203
204
205
208
213
218
222
222
221
224
221
220
215
208
199
0
0
0
0
0
0
0
0
0
0
207
190
185
182
179
175
170
164
158
152
146
140
143
134
129
123
119
115
110
100
106
106
104
106
102
107
121
118
0
0
0
0
0
0
0
0
0
0
0
0
0
0
0
0
0
0
0
0
0
0
0
0
0
0
0
0
0
0
0
0
0
0
0
0
0
0
0
0
0
0
0
0
0
0
0
0
0
0
0
0
0
0
0
0
0
0
0
0
0
0
0
0
0
0
0
0
0
0
0
