0
0
0
0
0
0
0
0
0
0
0
0
0
0
0
0
0
0
0
0
0
0
0
0
0
0
0
0
0
0
0
0
0
0
0
0
0
0
0
0
0
0
0
0
0
0
0
0
0
0
0
0
0
0
0
0
0
0
0
0
0
0
0
0
0
0
0
0
0
0
0
0
0
0
0
0
0
0
0
0
0
0
0
0
0
0
108
112
113
117
114
113
121
241
243
245
250
261
256
251
249
251
255
268
277
282
284
284
285
285
281
280
276
267
254
261
0
0
0
0
0
0
0
0
247
246
239
221
191
178
175
175
173
175
177
177
183
189
198
210
223
239
245
250
256
260
262
264
255
260
261
260
259
259
256
252
248
241
232
219
205
205
194
0
0
243
232
229
219
212
206
201
194
186
182
176
173
171
165
162
153
144
131
134
0
0
0
157
169
166
130
165
150
145
126
138
146
151
196
191
194
198
201
203
204
215
214
213
215
215
213
211
209
206
203
201
199
200
198
193
187
181
165
156
141
134
135
135
129
0
0
0
0
0
0
0
0
0
0
0
0
0
193
205
221
233
240
249
257
262
266
270
275
276
277
276
274
271
267
261
251
241
237
230
227
218
203
181
164
153
151
164
0
0
0
0
0
170
175
184
196
203
208
217
229
239
244
243
242
240
236
235
232
234
240
241
238
236
232
228
225
220
210
197
177
174
163
0
0
0
0
0
0
0
0
0
0
0
0
0
0
0
0
0
0
0
181
177
177
177
175
174
171
169
161
151
146
147
149
151
148
141
140
138
140
142
135
157
178
189
194
196
198
199
200
197
200
201
203
203
206
208
210
216
219
221
224
228
230
230
227
214
215
212
207
197
182
164
152
0
0
0
0
0
0
0
0
161
162
168
174
174
170
166
162
158
155
150
146
140
136
132
128
126
125
123
120
118
115
109
113
110
105
103
95
0
0
0
0
0
0
0
0
0
0
0
0
0
0
0
0
0
0
0
0
0
0
0
0
0
0
0
0
0
0
0
0
0
113
111
114
117
132
116
111
111
114
110
120
0
0
0
0
0
0
0
0
0
0
0
0
0
0
0
0
0
0
0
0
0
0
0
0
0
0
0
0
0
0
