0
0
0
0
0
0
0
0
0
0
0
0
0
0
0
0
0
0
0
0
0
0
0
0
0
0
0
0
0
0
0
0
0
0
0
0
0
0
0
0
0
0
0
0
0
0
0
0
0
0
0
0
0
0
0
0
0
0
0
0
0
0
0
0
0
0
0
0
0
0
0
0
0
221
215
193
227
216
0
0
0
0
0
0
0
0
0
257
248
249
246
233
215
199
0
0
0
0
0
0
0
0
0
113
118
125
65
59
57
0
0
0
0
258
262
265
263
260
260
259
257
251
235
226
0
0
0
0
0
0
273
275
270
263
254
242
236
225
220
211
198
187
187
197
202
204
201
195
183
161
151
191
182
168
0
0
0
0
0
0
0
0
0
0
0
0
0
228
235
240
250
255
258
261
258
249
242
229
218
208
207
210
210
185
0
0
0
0
0
0
0
0
0
0
0
0
0
198
191
187
180
175
173
171
172
174
175
173
169
187
184
0
0
0
0
0
0
0
0
180
185
187
189
191
194
196
200
204
207
211
237
227
230
233
235
239
241
243
246
248
251
252
253
254
255
256
256
257
254
250
246
239
233
225
219
207
0
0
0
0
0
0
0
0
0
0
0
176
173
168
160
154
147
147
153
158
169
173
163
166
172
182
191
192
0
0
456
457
470
466
460
462
459
207
221
228
235
239
236
230
215
214
0
0
0
0
0
0
0
0
0
0
0
0
0
0
0
0
0
0
0
0
0
0
213
190
174
166
159
157
154
154
151
155
148
145
143
139
134
130
126
122
140
129
0
0
0
0
152
176
179
182
184
186
192
208
210
211
213
210
202
194
178
216
196
200
173
147
147
146
0
0
0
0
0
0
0
0
183
184
188
188
189
189
187
186
184
184
182
180
177
172
167
158
0
0
0
0
0
0
0
0
0
0
0
0
0
0
0
0
0
0
0
231
235
238
242
246
249
250
251
252
252
251
248
243
237
233
227
219
207
197
185
176
163
151
144
136
128
124
122
120
118
115
113
109
104
103
100
104
94
98
102
110
89
109
104
111
104
83
100
132
111
110
123
0
0
0
0
0
0
0
0
0
0
0
0
0
0
0
0
0
0
0
111
110
139
129
115
120
118
117
112
115
118
115
115
119
123
117
141
109
108
115
118
102
0
0
0
0
0
0
0
0
0
0
0
0
0
0
0
0
0
0
0
0
0
0
0
0
0
0
