0
0
0
0
0
0
0
0
0
0
0
0
0
0
0
0
0
0
0
0
0
0
0
0
0
0
0
0
0
0
0
0
0
0
0
0
0
0
0
0
0
0
0
0
0
0
0
0
0
0
0
0
0
0
0
0
0
0
0
0
0
0
0
0
0
0
0
0
0
0
0
0
0
0
0
0
0
0
269
260
250
267
271
0
0
0
0
0
0
0
0
0
0
193
203
210
218
223
0
0
92
71
54
57
55
54
57
63
59
68
58
61
57
0
0
0
283
253
257
257
257
256
255
252
251
249
249
249
250
249
251
254
255
226
187
198
0
0
0
0
243
234
220
205
164
142
142
138
0
0
0
0
0
0
153
140
133
129
105
126
120
0
0
0
0
0
0
0
164
180
189
204
213
221
218
216
211
206
209
208
200
151
144
206
210
205
213
204
208
209
209
212
0
0
0
0
178
193
202
208
210
213
215
213
216
219
221
225
229
227
223
213
209
205
204
200
191
175
158
0
0
0
0
0
0
0
0
0
190
176
166
160
161
162
165
165
167
165
164
162
171
175
178
180
179
193
186
163
0
0
0
0
0
112
117
105
109
223
231
226
238
239
241
243
242
229
205
197
0
0
0
0
0
0
0
0
0
0
0
0
238
213
209
204
201
196
187
168
0
0
0
0
0
0
0
0
0
0
0
0
0
0
0
0
0
0
185
187
181
177
174
172
171
169
166
160
142
129
134
0
0
0
0
0
0
0
0
0
0
0
0
0
0
0
0
0
0
0
229
220
210
208
206
203
202
199
195
186
177
178
176
173
165
161
151
137
130
141
0
0
0
0
0
0
197
178
168
126
139
136
134
132
133
128
131
152
157
139
0
0
0
0
0
0
0
0
0
0
0
0
0
0
0
0
0
0
0
0
0
0
0
0
0
192
217
208
203
202
200
200
200
201
203
208
207
209
210
212
213
212
213
212
211
197
208
206
207
206
207
219
211
211
209
208
205
191
199
192
181
162
151
0
0
0
0
0
0
191
185
178
173
170
163
154
146
136
139
143
152
166
170
180
188
192
198
198
204
207
209
205
200
0
0
0
0
0
0
0
0
0
0
0
0
0
161
156
145
162
0
0
0
0
0
165
164
156
155
152
149
146
143
138
133
128
123
124
120
119
115
113
106
99
106
102
0
0
0
0
0
0
0
0
0
0
0
0
0
0
0
0
0
0
0
0
0
0
0
0
0
0
0
0
0
0
0
0
0
0
0
0
0
0
0
0
0
0
0
0
0
0
0
0
0
0
0
0
0
0
0
0
0
0
0
0
0
0
0
0
0
0
0
0
0
0
0
0
0
0
0
0
0
0
0
0
0
0
0
0
0
0
0
0
0
0
0
0
0
0
0
