0
0
0
0
0
0
0
0
0
0
0
0
0
0
0
0
0
0
0
0
0
0
0
0
0
0
0
0
0
0
0
0
0
0
0
0
0
0
0
0
0
0
0
0
0
0
0
0
0
0
0
0
0
0
0
0
0
0
0
0
0
0
0
0
0
0
0
0
0
0
0
0
0
0
0
0
0
0
74
69
71
70
78
84
84
88
92
108
103
102
108
105
114
114
119
135
144
130
133
169
166
167
169
164
157
195
188
181
174
168
0
0
0
0
0
0
0
0
0
0
0
273
298
280
267
257
261
257
256
253
247
229
0
0
0
0
0
0
0
0
0
0
0
0
0
0
0
0
0
0
0
0
0
223
240
249
256
258
257
252
248
247
245
245
244
243
242
239
236
237
235
235
234
232
231
229
226
228
227
230
228
225
222
219
218
215
213
212
211
209
209
204
188
196
192
191
189
186
184
180
176
173
170
159
160
157
161
165
170
170
166
162
160
159
159
160
164
167
169
167
165
157
0
0
0
0
0
0
0
0
171
165
169
173
175
174
175
177
180
183
184
186
184
180
178
171
172
177
182
180
193
177
182
176
0
0
0
0
0
319
376
383
394
407
414
422
430
442
456
452
454
445
434
428
426
0
0
0
0
0
0
0
0
0
0
0
0
0
0
0
0
0
0
0
0
0
0
0
0
0
0
0
0
0
0
0
0
0
0
0
0
0
0
0
0
0
0
0
0
0
0
0
0
0
0
0
0
0
0
0
0
0
0
0
0
0
0
0
0
0
0
0
0
0
0
0
0
0
0
0
0
0
0
0
0
0
0
0
0
0
0
0
0
0
0
0
0
0
0
0
0
0
0
0
0
0
0
