0
0
0
0
0
0
0
0
0
0
0
0
0
0
0
0
0
0
0
0
0
0
0
0
0
0
0
0
0
0
0
0
0
0
0
0
0
0
0
0
0
0
0
0
0
0
0
0
0
0
0
0
0
0
0
0
0
0
0
0
0
0
0
0
0
0
0
0
0
0
0
0
0
0
0
0
0
0
0
0
0
0
0
243
212
204
204
207
208
207
203
0
0
0
0
0
0
0
0
0
0
0
267
277
277
285
286
287
291
293
296
301
316
345
360
354
340
322
301
286
264
293
291
295
297
297
0
0
0
312
302
298
289
277
255
230
0
0
0
0
0
0
0
0
0
0
0
0
0
0
0
0
222
227
237
232
233
232
230
227
216
215
213
209
204
197
191
188
184
184
182
181
180
180
178
176
174
173
172
173
171
157
0
0
0
0
0
0
0
0
0
0
0
0
0
0
0
253
252
252
244
234
231
231
229
227
230
231
226
228
218
194
193
0
0
0
0
0
0
0
0
0
216
223
249
255
253
250
248
246
243
242
239
223
214
229
235
236
230
230
223
215
211
117
128
126
124
124
126
131
128
224
233
235
237
239
241
242
243
248
251
255
255
256
256
254
252
252
251
253
254
254
252
254
250
255
245
266
248
0
0
0
0
0
0
247
260
269
270
268
263
257
252
242
230
226
229
228
231
234
248
271
274
273
277
280
283
285
291
296
298
306
313
318
336
366
376
372
378
375
362
330
269
253
221
188
0
0
0
0
0
0
0
480
476
396
397
200
395
406
482
417
385
385
399
0
0
0
0
0
0
0
0
0
0
0
0
0
0
0
0
0
0
0
0
0
0
0
0
0
0
0
0
0
0
0
0
0
0
0
0
0
0
0
0
0
0
0
0
0
0
0
0
0
0
0
0
0
0
0
0
0
0
0
0
0
0
0
0
0
0
0
0
0
0
0
