0
0
0
0
0
0
0
0
0
0
0
0
0
0
0
0
0
0
0
0
0
0
0
0
0
0
0
0
0
0
0
0
0
0
0
0
0
0
0
0
0
0
0
0
0
0
0
0
0
0
0
0
0
0
0
0
0
0
0
0
0
0
0
0
0
0
0
0
0
0
0
0
0
0
0
0
0
0
0
0
0
0
0
0
0
0
0
0
0
0
0
0
0
0
0
0
255
271
276
275
267
259
250
0
0
0
0
0
0
0
0
0
0
0
0
0
0
0
0
0
0
0
0
0
0
0
295
292
293
295
288
287
285
286
288
290
289
291
294
298
303
305
298
293
292
289
285
246
244
288
276
278
270
248
224
198
211
266
266
277
278
0
0
0
0
0
0
0
0
259
236
230
223
221
219
217
214
212
211
209
201
185
142
0
0
0
0
192
217
218
214
204
190
179
172
179
0
0
0
0
0
225
215
213
206
201
198
208
220
0
0
0
0
0
139
125
122
133
144
148
157
148
146
142
112
124
129
112
114
116
97
83
86
89
91
101
101
0
0
282
278
292
274
269
265
266
268
264
254
253
265
264
269
271
280
300
323
330
322
302
288
279
277
0
0
0
0
0
0
0
0
0
0
0
0
0
0
280
258
250
240
225
208
195
178
161
158
150
142
133
130
123
117
109
89
118
100
124
135
134
0
0
0
109
112
132
119
114
94
83
106
102
97
90
87
0
0
0
0
0
0
0
0
0
0
0
0
0
0
0
0
0
0
0
0
0
0
0
0
0
0
0
0
0
0
0
0
0
0
0
0
0
0
0
0
0
0
0
0
0
0
0
0
0
0
0
0
0
0
0
0
