0
0
119
118
111
116
111
126
124
117
127
131
120
126
110
122
112
132
121
131
126
125
132
132
117
132
128
117
115
128
114
116
118
123
117
0
0
0
0
0
0
0
0
0
0
0
0
0
0
0
0
0
0
0
0
0
0
0
0
0
0
0
0
0
0
0
0
0
0
0
0
0
0
0
0
118
128
128
112
114
115
112
97
109
118
139
142
140
143
137
121
114
140
131
140
138
134
137
0
0
332
286
281
287
291
294
297
300
302
307
312
318
322
322
317
293
284
323
323
311
327
300
285
0
0
0
0
0
0
0
284
278
276
265
251
237
234
225
211
201
0
0
0
125
140
283
282
274
213
177
192
223
254
259
267
270
270
269
267
264
259
255
247
234
226
231
233
239
244
257
267
271
272
266
260
248
232
216
224
212
242
270
254
231
209
255
257
276
205
206
198
205
214
219
224
231
236
239
236
235
236
230
234
248
263
275
280
282
287
310
319
364
428
412
399
374
368
340
362
0
0
0
0
0
0
0
0
0
0
0
0
0
0
0
0
248
248
242
231
223
207
194
180
168
148
141
135
132
127
122
108
120
97
99
103
110
0
0
0
0
0
0
0
0
0
0
0
0
0
0
0
0
0
0
0
0
0
0
0
0
0
0
0
0
0
0
0
0
0
0
0
0
0
0
0
0
0
0
0
0
0
0
0
0
0
0
0
0
0
0
0
0
0
0
0
0
0
0
0
0
0
0
0
0
0
0
0
0
0
0
0
0
0
0
0
0
0
0
