0
0
0
0
0
0
0
0
0
0
0
0
0
0
0
0
0
0
0
0
0
0
0
0
0
0
0
0
0
0
0
0
0
0
0
0
0
0
0
0
0
0
0
0
0
0
0
0
0
0
0
0
0
0
0
0
0
0
0
0
0
0
0
0
0
0
0
0
0
0
0
0
0
0
0
0
0
0
0
0
0
0
0
0
0
0
0
0
0
0
0
0
0
0
0
0
0
174
157
154
152
166
0
0
0
0
381
326
0
0
248
232
242
249
256
258
265
262
231
205
214
0
0
0
243
227
227
223
223
228
237
261
274
278
276
275
271
271
268
267
269
277
297
307
326
322
328
325
329
337
348
352
320
313
347
359
326
348
339
300
268
269
259
239
207
206
0
0
0
0
0
0
0
0
0
0
0
0
0
298
282
285
286
285
285
283
267
235
271
277
273
278
281
275
0
0
0
280
257
253
248
241
234
228
222
216
211
208
210
193
192
215
206
247
212
220
221
219
218
209
191
0
0
0
0
0
285
263
261
257
256
250
238
236
223
216
0
0
0
0
0
0
0
301
293
294
293
294
296
290
297
297
300
297
294
287
277
269
0
0
0
0
0
0
0
260
260
264
264
265
262
262
272
270
267
260
253
246
240
235
218
197
198
225
227
239
264
243
0
0
0
0
0
0
0
0
0
0
0
0
307
292
287
287
289
293
295
299
305
309
314
316
318
320
317
316
314
311
305
303
298
289
277
266
255
247
236
219
203
187
172
160
150
142
138
134
124
118
0
0
0
0
0
0
0
0
0
0
0
0
0
0
0
0
0
0
0
0
0
0
0
0
0
0
0
0
0
0
0
0
0
0
0
0
0
0
0
0
0
0
0
0
0
0
0
0
0
0
0
0
0
0
0
0
0
0
0
0
0
0
0
0
0
0
0
0
0
0
0
0
0
0
0
0
0
0
0
0
0
0
0
0
0
0
0
0
0
0
0
0
0
0
0
0
0
0
0
