0
0
0
0
0
0
0
0
0
0
0
0
0
0
0
0
0
0
0
0
0
0
0
0
0
0
0
0
0
0
0
0
0
0
0
0
0
0
0
0
0
0
0
0
0
0
0
0
0
0
0
0
0
0
0
0
0
0
0
0
0
0
0
0
0
0
0
0
0
0
0
0
0
0
0
0
0
0
0
0
0
0
0
0
0
0
0
0
0
0
0
0
0
0
0
0
0
0
0
0
0
0
0
0
291
268
269
249
223
261
241
281
267
269
270
0
0
0
0
0
0
0
0
0
0
272
286
286
292
292
295
294
294
296
296
296
292
294
296
295
296
295
291
284
286
279
0
321
322
316
309
298
291
285
279
262
226
219
196
141
139
136
0
0
0
396
416
0
0
0
245
254
269
281
291
293
290
281
265
247
0
0
0
0
0
0
0
0
0
0
0
0
0
0
0
315
271
257
256
256
249
242
244
240
233
227
215
199
0
0
0
0
0
0
0
0
0
0
0
0
0
0
0
0
0
0
0
0
0
0
0
0
285
283
279
273
269
270
267
259
254
251
251
245
244
245
248
252
247
215
241
249
247
251
267
0
0
0
0
0
0
0
0
195
204
204
202
194
202
192
187
177
185
208
209
0
0
0
0
0
0
0
0
0
0
0
0
0
0
0
0
0
0
0
0
328
271
272
268
263
263
264
259
252
261
263
259
251
282
0
0
0
0
0
0
0
0
0
0
235
226
225
222
202
172
150
200
203
200
212
223
218
0
0
0
0
0
0
0
0
0
0
0
0
0
249
283
278
281
282
284
286
288
288
289
293
294
298
303
306
295
278
266
0
0
0
0
0
0
0
0
0
0
0
0
264
259
246
245
245
244
241
237
232
222
215
206
194
182
174
164
152
145
136
131
126
121
111
108
100
112
106
107
107
105
104
107
107
109
107
87
102
87
97
112
112
112
0
0
0
0
0
0
0
0
0
0
0
0
0
0
0
0
0
0
0
0
0
0
0
0
0
0
0
0
0
0
0
0
0
0
0
0
0
0
0
0
0
0
0
0
0
0
0
0
0
0
0
0
0
0
0
0
0
0
0
0
0
0
0
0
