0
0
0
0
0
0
0
0
0
0
0
0
0
0
0
0
0
0
0
0
0
0
0
0
0
0
0
0
0
0
0
0
0
0
0
0
0
0
0
0
0
0
0
0
0
0
0
0
0
0
0
0
0
0
0
0
0
0
0
0
0
0
0
0
0
0
0
0
0
0
0
0
0
0
0
0
0
0
0
0
0
0
0
0
0
0
0
0
0
0
0
0
0
0
0
0
0
0
0
0
293
283
263
343
322
316
321
320
321
329
360
402
399
399
394
371
358
335
293
131
131
119
119
123
116
128
124
0
0
329
311
292
292
290
284
271
245
249
261
269
264
264
268
267
269
275
274
274
275
275
272
269
258
263
269
273
275
278
277
0
0
0
0
0
0
0
0
0
337
304
302
291
284
288
288
292
298
343
357
346
336
304
279
0
0
0
0
0
271
280
284
283
278
274
270
263
251
233
210
201
0
0
0
0
0
0
222
225
218
215
206
204
209
216
198
211
204
212
208
201
193
227
202
196
185
169
153
0
0
0
0
0
0
0
0
0
0
0
278
268
267
261
259
259
258
243
222
199
0
0
0
0
0
0
0
0
0
0
0
0
0
0
0
0
0
293
271
282
289
290
291
287
287
287
286
282
279
278
276
267
257
245
215
187
158
140
127
131
126
0
0
0
0
0
0
0
0
0
0
0
0
0
0
0
0
0
0
0
0
0
0
0
0
0
0
0
0
0
0
0
0
0
0
0
0
0
0
0
0
0
0
0
0
0
0
0
0
0
0
0
0
0
0
0
0
0
0
0
0
0
0
0
0
0
0
0
0
0
0
0
0
0
0
0
0
0
0
0
0
0
0
0
0
0
0
0
0
0
0
0
0
0
0
0
0
0
0
0
0
0
