  0.0000000e+000
  0.0000000e+000
  0.0000000e+000
  0.0000000e+000
  0.0000000e+000
  0.0000000e+000
  0.0000000e+000
  0.0000000e+000
  0.0000000e+000
  0.0000000e+000
  0.0000000e+000
  0.0000000e+000
  0.0000000e+000
  0.0000000e+000
  0.0000000e+000
  0.0000000e+000
  0.0000000e+000
  0.0000000e+000
  0.0000000e+000
  0.0000000e+000
  0.0000000e+000
  0.0000000e+000
  0.0000000e+000
  0.0000000e+000
  0.0000000e+000
  0.0000000e+000
  0.0000000e+000
  0.0000000e+000
  0.0000000e+000
  0.0000000e+000
  0.0000000e+000
  0.0000000e+000
  0.0000000e+000
  0.0000000e+000
  0.0000000e+000
  0.0000000e+000
  0.0000000e+000
  0.0000000e+000
  0.0000000e+000
  0.0000000e+000
  0.0000000e+000
  0.0000000e+000
  0.0000000e+000
  0.0000000e+000
  0.0000000e+000
  0.0000000e+000
  0.0000000e+000
  0.0000000e+000
  0.0000000e+000
  0.0000000e+000
  0.0000000e+000
  0.0000000e+000
  0.0000000e+000
  0.0000000e+000
  0.0000000e+000
  2.2900000e+002
  2.5100000e+002
  2.6800000e+002
  2.7700000e+002
  2.8700000e+002
  2.9400000e+002
  2.9400000e+002
  2.9900000e+002
  3.0300000e+002
  3.0400000e+002
  3.0100000e+002
  2.9800000e+002
  2.9500000e+002
  2.9400000e+002
  2.9100000e+002
  2.8800000e+002
  2.8300000e+002
  2.7800000e+002
  2.7200000e+002
  2.6700000e+002
  2.6300000e+002
  2.5800000e+002
  2.5300000e+002
  2.4500000e+002
  2.3800000e+002
  2.2900000e+002
  2.1800000e+002
  2.0700000e+002
  1.9500000e+002
  1.8200000e+002
  2.3200000e+002
  2.0000000e+002
  2.1500000e+002
  2.2700000e+002
  2.2200000e+002
  2.2300000e+002
  2.1800000e+002
  2.4500000e+002
  2.2600000e+002
  2.1400000e+002
  2.0400000e+002
  1.9800000e+002
  1.9100000e+002
  1.8700000e+002
  1.8400000e+002
  1.8200000e+002
  1.8100000e+002
  1.7900000e+002
  1.7800000e+002
  1.7700000e+002
  1.7200000e+002
  1.6800000e+002
  1.6300000e+002
  1.6100000e+002
  1.5600000e+002
  1.5500000e+002
  1.5200000e+002
  1.4800000e+002
  1.4400000e+002
  1.4100000e+002
  1.3800000e+002
  1.3700000e+002
  1.3500000e+002
  1.3600000e+002
  1.3600000e+002
  1.3400000e+002
  1.2900000e+002
  1.3000000e+002
  1.3000000e+002
  1.3900000e+002
  1.3100000e+002
  1.3300000e+002
  1.3200000e+002
  1.4000000e+002
  1.3000000e+002
  1.3900000e+002
  1.3300000e+002
  1.4400000e+002
  1.5600000e+002
  1.8400000e+002
  1.5900000e+002
  1.5600000e+002
  1.5500000e+002
  1.4900000e+002
  1.5100000e+002
  1.5600000e+002
  1.6000000e+002
  1.5200000e+002
  1.5200000e+002
  1.5300000e+002
  1.5400000e+002
  1.5500000e+002
  1.5600000e+002
  1.5400000e+002
  1.4700000e+002
  1.5900000e+002
  1.5400000e+002
  1.5500000e+002
  1.5200000e+002
  1.5100000e+002
  1.5300000e+002
  1.5500000e+002
  1.5700000e+002
  1.6200000e+002
  1.6600000e+002
  1.7200000e+002
  1.7500000e+002
  1.8200000e+002
  1.7900000e+002
  1.8700000e+002
  1.8800000e+002
  1.8800000e+002
  1.7600000e+002
  1.8500000e+002
  1.8600000e+002
  1.8600000e+002
  1.8800000e+002
  1.8300000e+002
  1.8600000e+002
  1.8400000e+002
  1.7900000e+002
  1.7400000e+002
  1.7500000e+002
  1.7800000e+002
  1.8400000e+002
  1.8500000e+002
  1.8100000e+002
  0.0000000e+000
  0.0000000e+000
  0.0000000e+000
  2.0300000e+002
  1.8900000e+002
  1.8500000e+002
  1.8000000e+002
  1.7600000e+002
  1.7100000e+002
  1.8200000e+002
  1.6300000e+002
  1.6300000e+002
  1.6400000e+002
  1.6700000e+002
  1.6100000e+002
  1.5100000e+002
  1.4000000e+002
  1.1700000e+002
  9.1000000e+001
  8.7000000e+001
  8.3000000e+001
  8.3000000e+001
  8.7000000e+001
  9.4000000e+001
  0.0000000e+000
  0.0000000e+000
  0.0000000e+000
  0.0000000e+000
  0.0000000e+000
  0.0000000e+000
  0.0000000e+000
  0.0000000e+000
  0.0000000e+000
  0.0000000e+000
  0.0000000e+000
  0.0000000e+000
  0.0000000e+000
  0.0000000e+000
  0.0000000e+000
  0.0000000e+000
  0.0000000e+000
  0.0000000e+000
  2.0500000e+002
  1.9700000e+002
  1.8700000e+002
  1.8600000e+002
  1.8400000e+002
  1.8500000e+002
  1.8500000e+002
  1.8400000e+002
  1.8500000e+002
  1.9100000e+002
  1.8700000e+002
  1.8000000e+002
  1.6900000e+002
  1.6100000e+002
  1.3400000e+002
  1.2000000e+002
  0.0000000e+000
  0.0000000e+000
  0.0000000e+000
  0.0000000e+000
  0.0000000e+000
  0.0000000e+000
  0.0000000e+000
  1.6900000e+002
  1.5900000e+002
  1.5500000e+002
  1.5200000e+002
  1.4500000e+002
  1.3500000e+002
  1.3900000e+002
  1.3300000e+002
  1.3700000e+002
  1.3500000e+002
  0.0000000e+000
  0.0000000e+000
  0.0000000e+000
  0.0000000e+000
  1.9400000e+002
  1.5800000e+002
  1.4700000e+002
  1.4000000e+002
  1.3100000e+002
  1.2600000e+002
  1.2300000e+002
  1.2000000e+002
  1.1800000e+002
  1.1600000e+002
  1.1200000e+002
  1.0900000e+002
  1.0800000e+002
  1.0800000e+002
  1.0600000e+002
  1.0500000e+002
  1.0100000e+002
  9.4000000e+001
  1.3100000e+002
  1.3200000e+002
  1.4300000e+002
  1.2700000e+002
  1.1700000e+002
  1.2900000e+002
  1.2800000e+002
  1.3200000e+002
  1.3800000e+002
  1.3800000e+002
  1.4600000e+002
  1.7600000e+002
  2.4200000e+002
  2.9300000e+002
  0.0000000e+000
  0.0000000e+000
  0.0000000e+000
  0.0000000e+000
  0.0000000e+000
  0.0000000e+000
  0.0000000e+000
  0.0000000e+000
  0.0000000e+000
  0.0000000e+000
  0.0000000e+000
  0.0000000e+000
  0.0000000e+000
  0.0000000e+000
  0.0000000e+000
  0.0000000e+000
  0.0000000e+000
  0.0000000e+000
  0.0000000e+000
  0.0000000e+000
  0.0000000e+000
  0.0000000e+000
  0.0000000e+000
  0.0000000e+000
  0.0000000e+000
  0.0000000e+000
  0.0000000e+000
  0.0000000e+000
  0.0000000e+000
  0.0000000e+000
  0.0000000e+000
  0.0000000e+000
  0.0000000e+000
  0.0000000e+000
  0.0000000e+000
  0.0000000e+000
  0.0000000e+000
  0.0000000e+000
  0.0000000e+000
  0.0000000e+000
  0.0000000e+000
  0.0000000e+000
  0.0000000e+000
  0.0000000e+000
  0.0000000e+000
  0.0000000e+000
  0.0000000e+000
  0.0000000e+000
  0.0000000e+000
  0.0000000e+000
  0.0000000e+000
  0.0000000e+000
  0.0000000e+000
  0.0000000e+000
  0.0000000e+000
  0.0000000e+000
