  0.0000000e+000
  0.0000000e+000
  0.0000000e+000
  0.0000000e+000
  0.0000000e+000
  0.0000000e+000
  0.0000000e+000
  0.0000000e+000
  0.0000000e+000
  0.0000000e+000
  0.0000000e+000
  0.0000000e+000
  0.0000000e+000
  0.0000000e+000
  0.0000000e+000
  0.0000000e+000
  0.0000000e+000
  0.0000000e+000
  0.0000000e+000
  0.0000000e+000
  0.0000000e+000
  0.0000000e+000
  0.0000000e+000
  0.0000000e+000
  0.0000000e+000
  0.0000000e+000
  0.0000000e+000
  0.0000000e+000
  0.0000000e+000
  0.0000000e+000
  0.0000000e+000
  0.0000000e+000
  0.0000000e+000
  0.0000000e+000
  0.0000000e+000
  0.0000000e+000
  0.0000000e+000
  0.0000000e+000
  0.0000000e+000
  0.0000000e+000
  0.0000000e+000
  0.0000000e+000
  0.0000000e+000
  0.0000000e+000
  0.0000000e+000
  0.0000000e+000
  0.0000000e+000
  0.0000000e+000
  0.0000000e+000
  0.0000000e+000
  0.0000000e+000
  0.0000000e+000
  0.0000000e+000
  1.7800000e+002
  1.9400000e+002
  2.1200000e+002
  2.2000000e+002
  2.3300000e+002
  2.3800000e+002
  2.3200000e+002
  2.2700000e+002
  2.2500000e+002
  2.1500000e+002
  2.0200000e+002
  2.1000000e+002
  0.0000000e+000
  0.0000000e+000
  0.0000000e+000
  0.0000000e+000
  0.0000000e+000
  0.0000000e+000
  3.0800000e+002
  2.9300000e+002
  2.8800000e+002
  2.8800000e+002
  2.8800000e+002
  2.8700000e+002
  2.8500000e+002
  2.6200000e+002
  2.5000000e+002
  2.6300000e+002
  2.6400000e+002
  2.4700000e+002
  2.8200000e+002
  2.7800000e+002
  2.6000000e+002
  0.0000000e+000
  0.0000000e+000
  0.0000000e+000
  0.0000000e+000
  0.0000000e+000
  0.0000000e+000
  0.0000000e+000
  2.6600000e+002
  2.6800000e+002
  2.8000000e+002
  2.8300000e+002
  2.8100000e+002
  2.7600000e+002
  2.7500000e+002
  2.7700000e+002
  2.7500000e+002
  2.7000000e+002
  2.6800000e+002
  2.6300000e+002
  2.5700000e+002
  2.4900000e+002
  2.3700000e+002
  2.2000000e+002
  2.2100000e+002
  2.1000000e+002
  2.0800000e+002
  2.0100000e+002
  1.9400000e+002
  1.8600000e+002
  1.8800000e+002
  1.9000000e+002
  1.8500000e+002
  1.8100000e+002
  1.7600000e+002
  1.7000000e+002
  1.6400000e+002
  1.5600000e+002
  1.4900000e+002
  1.4400000e+002
  1.4000000e+002
  1.3500000e+002
  1.3000000e+002
  1.2300000e+002
  1.1800000e+002
  1.1000000e+002
  1.1500000e+002
  1.2100000e+002
  1.2600000e+002
  1.2700000e+002
  1.2500000e+002
  1.3000000e+002
  1.3700000e+002
  1.3300000e+002
  1.2400000e+002
  1.3500000e+002
  1.6500000e+002
  1.5600000e+002
  1.6100000e+002
  1.3100000e+002
  1.7300000e+002
  1.6300000e+002
  1.5700000e+002
  1.8100000e+002
  1.9900000e+002
  1.9100000e+002
  1.9600000e+002
  1.9400000e+002
  1.4900000e+002
  1.5100000e+002
  1.4900000e+002
  1.4000000e+002
  1.4000000e+002
  1.3900000e+002
  1.3100000e+002
  1.3200000e+002
  1.3000000e+002
  1.3200000e+002
  1.3400000e+002
  1.4000000e+002
  1.4200000e+002
  1.4400000e+002
  1.4800000e+002
  1.5400000e+002
  1.5700000e+002
  1.6600000e+002
  1.7700000e+002
  1.8800000e+002
  1.9700000e+002
  2.0400000e+002
  2.1700000e+002
  2.2500000e+002
  2.3100000e+002
  2.4300000e+002
  2.5200000e+002
  2.6400000e+002
  2.7100000e+002
  2.7800000e+002
  2.8400000e+002
  2.8700000e+002
  2.9100000e+002
  2.9700000e+002
  2.9900000e+002
  2.9500000e+002
  2.9100000e+002
  2.8900000e+002
  2.8400000e+002
  2.8100000e+002
  2.7500000e+002
  2.7000000e+002
  2.6800000e+002
  2.5900000e+002
  2.5700000e+002
  1.2400000e+002
  1.3500000e+002
  1.3200000e+002
  1.3300000e+002
  1.3200000e+002
  1.3100000e+002
  1.3800000e+002
  1.1800000e+002
  1.2600000e+002
  1.2600000e+002
  1.1800000e+002
  1.1600000e+002
  1.1200000e+002
  1.2300000e+002
  1.3400000e+002
  1.0400000e+002
  1.2000000e+002
  1.5000000e+002
  1.1500000e+002
  1.1200000e+002
  7.5000000e+001
  5.4000000e+001
  5.4000000e+001
  6.7000000e+001
  8.0000000e+001
  9.1000000e+001
  1.1600000e+002
  1.2100000e+002
  0.0000000e+000
  0.0000000e+000
  0.0000000e+000
  0.0000000e+000
  0.0000000e+000
  0.0000000e+000
  0.0000000e+000
  6.7000000e+001
  6.0000000e+001
  5.8000000e+001
  6.2000000e+001
  7.0000000e+001
  6.0000000e+001
  6.3000000e+001
  5.9000000e+001
  5.6000000e+001
  6.4000000e+001
  6.4000000e+001
  5.7000000e+001
  5.9000000e+001
  6.3000000e+001
  6.5000000e+001
  6.4000000e+001
  0.0000000e+000
  0.0000000e+000
  0.0000000e+000
  0.0000000e+000
  0.0000000e+000
  0.0000000e+000
  0.0000000e+000
