  6.3000000e+001
  6.1000000e+001
  6.5000000e+001
  5.8000000e+001
  5.6000000e+001
  5.6000000e+001
  6.5000000e+001
  6.5000000e+001
  1.2700000e+002
  1.1600000e+002
  1.0500000e+002
  1.1800000e+002
  1.2800000e+002
  1.1600000e+002
  1.1200000e+002
  1.1900000e+002
  1.1900000e+002
  1.2000000e+002
  1.1600000e+002
  1.2500000e+002
  1.2500000e+002
  1.1800000e+002
  0.0000000e+000
  0.0000000e+000
  0.0000000e+000
  0.0000000e+000
  2.3600000e+002
  2.1400000e+002
  2.1700000e+002
  2.1300000e+002
  2.0100000e+002
  1.8400000e+002
  0.0000000e+000
  0.0000000e+000
  0.0000000e+000
  0.0000000e+000
  0.0000000e+000
  0.0000000e+000
  0.0000000e+000
  0.0000000e+000
  0.0000000e+000
  0.0000000e+000
  0.0000000e+000
  0.0000000e+000
  0.0000000e+000
  0.0000000e+000
  0.0000000e+000
  0.0000000e+000
  2.3500000e+002
  2.3900000e+002
  2.4100000e+002
  2.3700000e+002
  2.3300000e+002
  2.3700000e+002
  2.4600000e+002
  2.5900000e+002
  2.6600000e+002
  2.7000000e+002
  2.7500000e+002
  2.7600000e+002
  2.7600000e+002
  2.7800000e+002
  2.7800000e+002
  2.7900000e+002
  2.7800000e+002
  2.7800000e+002
  2.7700000e+002
  2.7600000e+002
  2.7300000e+002
  2.6600000e+002
  2.1300000e+002
  2.0000000e+002
  1.8500000e+002
  1.7000000e+002
  1.4400000e+002
  1.3500000e+002
  1.1900000e+002
  1.5100000e+002
  1.3300000e+002
  1.1700000e+002
  1.1800000e+002
  1.1000000e+002
  1.1800000e+002
  1.1400000e+002
  1.1700000e+002
  2.1500000e+002
  2.3600000e+002
  2.5300000e+002
  2.6400000e+002
  2.6700000e+002
  2.6900000e+002
  2.7200000e+002
  2.7000000e+002
  2.7000000e+002
  2.7100000e+002
  2.6600000e+002
  2.6100000e+002
  2.5100000e+002
  2.3600000e+002
  2.1800000e+002
  1.9900000e+002
  1.7400000e+002
  1.6200000e+002
  1.4800000e+002
  1.4200000e+002
  1.4000000e+002
  1.4000000e+002
  1.3800000e+002
  1.3100000e+002
  1.1700000e+002
  1.2100000e+002
  1.3900000e+002
  1.3500000e+002
  1.3600000e+002
  1.3200000e+002
  1.2900000e+002
  1.3500000e+002
  1.4700000e+002
  0.0000000e+000
  0.0000000e+000
  0.0000000e+000
  0.0000000e+000
  2.2300000e+002
  2.2400000e+002
  2.4500000e+002
  2.5900000e+002
  2.5400000e+002
  4.6100000e+002
  4.8100000e+002
  4.4300000e+002
  3.7400000e+002
  4.1800000e+002
  5.0600000e+002
  4.4600000e+002
  5.0700000e+002
  4.1700000e+002
  4.4700000e+002
  5.0400000e+002
  1.9500000e+002
  1.7800000e+002
  1.8900000e+002
  1.8200000e+002
  1.7900000e+002
  1.7700000e+002
  1.7400000e+002
  1.7100000e+002
  1.6900000e+002
  1.6100000e+002
  1.6000000e+002
  1.5900000e+002
  1.5500000e+002
  1.5400000e+002
  1.5000000e+002
  1.5300000e+002
  1.5400000e+002
  1.5900000e+002
  1.7000000e+002
  1.8000000e+002
  1.9700000e+002
  2.0900000e+002
  2.2000000e+002
  2.3000000e+002
  2.3500000e+002
  2.4300000e+002
  2.4900000e+002
  2.5400000e+002
  2.5700000e+002
  2.5200000e+002
  2.4800000e+002
  2.4100000e+002
  2.3600000e+002
  2.2900000e+002
  2.2300000e+002
  2.2000000e+002
  2.1500000e+002
  2.0900000e+002
  2.0400000e+002
  1.9700000e+002
  1.8700000e+002
  1.7800000e+002
  1.6900000e+002
  1.5800000e+002
  1.5200000e+002
  1.4000000e+002
  1.3200000e+002
  1.3900000e+002
  1.3900000e+002
  1.3800000e+002
  1.3500000e+002
  1.3200000e+002
  1.1300000e+002
  1.2600000e+002
  1.2600000e+002
  1.4500000e+002
  1.5000000e+002
  1.4800000e+002
  1.5100000e+002
  1.5100000e+002
  1.8400000e+002
  2.1000000e+002
  2.3400000e+002
  2.4300000e+002
  2.5100000e+002
  2.5400000e+002
  2.5700000e+002
  2.5500000e+002
  2.4200000e+002
  2.4900000e+002
  2.4400000e+002
  2.3900000e+002
  2.3300000e+002
  2.2200000e+002
  1.9500000e+002
  1.8400000e+002
  1.6000000e+002
  1.5300000e+002
  1.7100000e+002
  1.9500000e+002
  1.8800000e+002
  1.8000000e+002
  1.7400000e+002
  1.7000000e+002
  1.6800000e+002
  1.6600000e+002
  1.6500000e+002
  1.5700000e+002
  1.5000000e+002
  1.3500000e+002
  1.2500000e+002
  1.1800000e+002
  1.1800000e+002
  0.0000000e+000
  0.0000000e+000
  0.0000000e+000
  0.0000000e+000
  0.0000000e+000
  0.0000000e+000
  0.0000000e+000
  0.0000000e+000
  0.0000000e+000
  0.0000000e+000
  0.0000000e+000
  0.0000000e+000
  0.0000000e+000
  0.0000000e+000
  0.0000000e+000
  0.0000000e+000
  0.0000000e+000
  0.0000000e+000
  0.0000000e+000
  0.0000000e+000
  3.0200000e+002
  3.0300000e+002
  3.0800000e+002
  3.0800000e+002
  3.0000000e+002
  2.8700000e+002
  2.7500000e+002
  2.6000000e+002
  2.4300000e+002
  2.0100000e+002
  1.0600000e+002
  1.1000000e+002
  1.0600000e+002
  1.0000000e+002
  1.0600000e+002
  9.8000000e+001
  1.0000000e+002
  1.0500000e+002
  1.0100000e+002
  1.0400000e+002
  1.1000000e+002
  1.1700000e+002
  1.1000000e+002
  1.0900000e+002
  1.1000000e+002
  1.0600000e+002
  1.0400000e+002
  1.1000000e+002
  1.0900000e+002
  0.0000000e+000
  0.0000000e+000
  0.0000000e+000
  0.0000000e+000
  0.0000000e+000
  0.0000000e+000
  0.0000000e+000
  0.0000000e+000
  0.0000000e+000
  0.0000000e+000
  0.0000000e+000
  0.0000000e+000
  0.0000000e+000
  0.0000000e+000
  0.0000000e+000
  0.0000000e+000
  0.0000000e+000
  0.0000000e+000
  0.0000000e+000
  0.0000000e+000
  0.0000000e+000
  0.0000000e+000
  0.0000000e+000
  0.0000000e+000
  0.0000000e+000
  0.0000000e+000
  0.0000000e+000
  0.0000000e+000
  0.0000000e+000
  0.0000000e+000
  0.0000000e+000
  0.0000000e+000
  0.0000000e+000
  0.0000000e+000
  0.0000000e+000
  0.0000000e+000
  0.0000000e+000
  0.0000000e+000
  0.0000000e+000
  0.0000000e+000
  0.0000000e+000
  0.0000000e+000
  0.0000000e+000
  0.0000000e+000
  0.0000000e+000
  0.0000000e+000
  0.0000000e+000
  0.0000000e+000
  0.0000000e+000
  0.0000000e+000
  0.0000000e+000
  0.0000000e+000
