  0.0000000e+000
  0.0000000e+000
  0.0000000e+000
  0.0000000e+000
  0.0000000e+000
  0.0000000e+000
  0.0000000e+000
  0.0000000e+000
  0.0000000e+000
  0.0000000e+000
  0.0000000e+000
  0.0000000e+000
  0.0000000e+000
  0.0000000e+000
  0.0000000e+000
  0.0000000e+000
  0.0000000e+000
  0.0000000e+000
  0.0000000e+000
  0.0000000e+000
  0.0000000e+000
  0.0000000e+000
  0.0000000e+000
  0.0000000e+000
  0.0000000e+000
  0.0000000e+000
  0.0000000e+000
  0.0000000e+000
  0.0000000e+000
  0.0000000e+000
  0.0000000e+000
  0.0000000e+000
  0.0000000e+000
  0.0000000e+000
  0.0000000e+000
  0.0000000e+000
  0.0000000e+000
  0.0000000e+000
  0.0000000e+000
  0.0000000e+000
  0.0000000e+000
  0.0000000e+000
  0.0000000e+000
  0.0000000e+000
  0.0000000e+000
  0.0000000e+000
  0.0000000e+000
  0.0000000e+000
  0.0000000e+000
  0.0000000e+000
  1.9400000e+002
  1.8300000e+002
  1.9000000e+002
  1.9900000e+002
  2.0400000e+002
  2.1100000e+002
  2.1600000e+002
  2.1800000e+002
  2.2000000e+002
  2.1900000e+002
  2.1400000e+002
  2.0800000e+002
  2.0300000e+002
  1.9400000e+002
  1.8100000e+002
  1.5400000e+002
  1.4700000e+002
  1.3800000e+002
  1.3100000e+002
  1.2300000e+002
  1.1200000e+002
  1.0100000e+002
  7.0000000e+001
  7.0000000e+001
  5.7000000e+001
  7.0000000e+001
  6.6000000e+001
  6.0000000e+001
  0.0000000e+000
  0.0000000e+000
  0.0000000e+000
  1.8400000e+002
  1.9600000e+002
  2.1700000e+002
  2.2200000e+002
  2.2600000e+002
  2.2800000e+002
  2.3000000e+002
  2.3000000e+002
  2.2700000e+002
  2.2000000e+002
  2.1300000e+002
  1.4000000e+002
  1.3300000e+002
  1.3800000e+002
  1.3900000e+002
  1.4000000e+002
  1.4200000e+002
  1.3900000e+002
  1.3700000e+002
  1.3500000e+002
  1.2800000e+002
  1.2500000e+002
  1.2000000e+002
  1.1500000e+002
  1.1200000e+002
  0.0000000e+000
  0.0000000e+000
  0.0000000e+000
  0.0000000e+000
  0.0000000e+000
  0.0000000e+000
  0.0000000e+000
  0.0000000e+000
  0.0000000e+000
  1.1700000e+002
  1.2400000e+002
  1.2700000e+002
  1.2900000e+002
  1.3500000e+002
  1.4000000e+002
  1.4600000e+002
  1.5200000e+002
  1.5900000e+002
  1.6300000e+002
  1.6500000e+002
  1.6700000e+002
  1.6900000e+002
  1.7100000e+002
  1.7000000e+002
  1.7000000e+002
  1.6900000e+002
  1.6700000e+002
  1.6500000e+002
  1.6200000e+002
  1.5700000e+002
  1.5400000e+002
  1.4900000e+002
  1.4400000e+002
  1.3900000e+002
  1.3500000e+002
  1.3000000e+002
  1.2700000e+002
  1.2500000e+002
  1.2400000e+002
  1.2400000e+002
  1.2200000e+002
  1.1400000e+002
  1.2000000e+002
  1.2000000e+002
  1.1700000e+002
  1.1600000e+002
  1.1500000e+002
  1.1300000e+002
  1.0800000e+002
  1.0300000e+002
  9.8000000e+001
  1.2300000e+002
  8.6000000e+001
  1.0500000e+002
  1.0300000e+002
  1.0300000e+002
  0.0000000e+000
  0.0000000e+000
  0.0000000e+000
  0.0000000e+000
  0.0000000e+000
  1.2500000e+002
  1.2600000e+002
  1.3300000e+002
  1.3900000e+002
  1.4500000e+002
  1.5500000e+002
  1.6400000e+002
  1.6900000e+002
  1.7300000e+002
  1.7900000e+002
  1.8500000e+002
  1.9200000e+002
  1.9700000e+002
  2.0000000e+002
  2.0200000e+002
  2.0000000e+002
  1.9600000e+002
  1.9000000e+002
  1.8500000e+002
  1.8000000e+002
  1.7200000e+002
  1.6000000e+002
  1.4900000e+002
  1.3700000e+002
  1.3000000e+002
  1.2500000e+002
  1.1900000e+002
  1.1400000e+002
  1.1000000e+002
  1.0700000e+002
  1.0200000e+002
  1.0000000e+002
  1.0100000e+002
  9.6000000e+001
  9.6000000e+001
  9.7000000e+001
  9.7000000e+001
  9.7000000e+001
  1.0100000e+002
  1.0000000e+002
  9.7000000e+001
  9.7000000e+001
  9.3000000e+001
  8.8000000e+001
  7.5000000e+001
  7.2000000e+001
  7.6000000e+001
  8.2000000e+001
  8.0000000e+001
  0.0000000e+000
  0.0000000e+000
  0.0000000e+000
  0.0000000e+000
  0.0000000e+000
  0.0000000e+000
  0.0000000e+000
  0.0000000e+000
  0.0000000e+000
  0.0000000e+000
  0.0000000e+000
  0.0000000e+000
  0.0000000e+000
  0.0000000e+000
  0.0000000e+000
  0.0000000e+000
  0.0000000e+000
  0.0000000e+000
  0.0000000e+000
  0.0000000e+000
  0.0000000e+000
  0.0000000e+000
  0.0000000e+000
  0.0000000e+000
  0.0000000e+000
  0.0000000e+000
  0.0000000e+000
  0.0000000e+000
  0.0000000e+000
  0.0000000e+000
  0.0000000e+000
  0.0000000e+000
  0.0000000e+000
  0.0000000e+000
  0.0000000e+000
  0.0000000e+000
  0.0000000e+000
  0.0000000e+000
  0.0000000e+000
  0.0000000e+000
  0.0000000e+000
  0.0000000e+000
  0.0000000e+000
  0.0000000e+000
  0.0000000e+000
  0.0000000e+000
  0.0000000e+000
  0.0000000e+000
  0.0000000e+000
  0.0000000e+000
  0.0000000e+000
  0.0000000e+000
  0.0000000e+000
  0.0000000e+000
  0.0000000e+000
  0.0000000e+000
  0.0000000e+000
  0.0000000e+000
  0.0000000e+000
  0.0000000e+000
  0.0000000e+000
  0.0000000e+000
  0.0000000e+000
  0.0000000e+000
  0.0000000e+000
  0.0000000e+000
  0.0000000e+000
  0.0000000e+000
  0.0000000e+000
  0.0000000e+000
  0.0000000e+000
  0.0000000e+000
  0.0000000e+000
  0.0000000e+000
  0.0000000e+000
  0.0000000e+000
  0.0000000e+000
  0.0000000e+000
  0.0000000e+000
  0.0000000e+000
  0.0000000e+000
  0.0000000e+000
  0.0000000e+000
  0.0000000e+000
