  0.0000000e+000
  0.0000000e+000
  0.0000000e+000
  0.0000000e+000
  0.0000000e+000
  0.0000000e+000
  0.0000000e+000
  0.0000000e+000
  0.0000000e+000
  0.0000000e+000
  0.0000000e+000
  0.0000000e+000
  0.0000000e+000
  0.0000000e+000
  0.0000000e+000
  0.0000000e+000
  0.0000000e+000
  0.0000000e+000
  0.0000000e+000
  0.0000000e+000
  0.0000000e+000
  0.0000000e+000
  0.0000000e+000
  0.0000000e+000
  0.0000000e+000
  0.0000000e+000
  0.0000000e+000
  0.0000000e+000
  0.0000000e+000
  0.0000000e+000
  0.0000000e+000
  0.0000000e+000
  0.0000000e+000
  0.0000000e+000
  0.0000000e+000
  0.0000000e+000
  0.0000000e+000
  0.0000000e+000
  0.0000000e+000
  0.0000000e+000
  0.0000000e+000
  0.0000000e+000
  0.0000000e+000
  0.0000000e+000
  0.0000000e+000
  0.0000000e+000
  0.0000000e+000
  0.0000000e+000
  2.8900000e+002
  2.7000000e+002
  2.7200000e+002
  2.5800000e+002
  1.8200000e+002
  1.9700000e+002
  1.7500000e+002
  2.5300000e+002
  2.7100000e+002
  2.6800000e+002
  2.7500000e+002
  2.6200000e+002
  2.6100000e+002
  2.6100000e+002
  2.6100000e+002
  0.0000000e+000
  0.0000000e+000
  0.0000000e+000
  0.0000000e+000
  0.0000000e+000
  2.5400000e+002
  2.6400000e+002
  2.8800000e+002
  2.9900000e+002
  3.0800000e+002
  3.1200000e+002
  3.2000000e+002
  3.4400000e+002
  3.5400000e+002
  3.7500000e+002
  3.8200000e+002
  3.8700000e+002
  3.5900000e+002
  3.4300000e+002
  3.4100000e+002
  0.0000000e+000
  0.0000000e+000
  0.0000000e+000
  0.0000000e+000
  0.0000000e+000
  0.0000000e+000
  0.0000000e+000
  0.0000000e+000
  0.0000000e+000
  0.0000000e+000
  0.0000000e+000
  0.0000000e+000
  0.0000000e+000
  2.9600000e+002
  2.9200000e+002
  2.8900000e+002
  2.8300000e+002
  2.7600000e+002
  2.7200000e+002
  2.6800000e+002
  2.6400000e+002
  2.6100000e+002
  2.5600000e+002
  2.5500000e+002
  2.5200000e+002
  2.4700000e+002
  2.1700000e+002
  2.1000000e+002
  1.7800000e+002
  1.8200000e+002
  2.2100000e+002
  0.0000000e+000
  0.0000000e+000
  0.0000000e+000
  0.0000000e+000
  0.0000000e+000
  0.0000000e+000
  2.3700000e+002
  2.5600000e+002
  2.6000000e+002
  2.6100000e+002
  2.6400000e+002
  2.6600000e+002
  2.7100000e+002
  2.8700000e+002
  2.9400000e+002
  2.9600000e+002
  3.0300000e+002
  3.1000000e+002
  3.1700000e+002
  3.2400000e+002
  3.2800000e+002
  3.3000000e+002
  3.3500000e+002
  3.3800000e+002
  3.3500000e+002
  3.2800000e+002
  3.1400000e+002
  2.9800000e+002
  2.8500000e+002
  2.6900000e+002
  2.5400000e+002
  2.4200000e+002
  2.3200000e+002
  2.2000000e+002
  2.1200000e+002
  3.9500000e+002
  4.0600000e+002
  4.1600000e+002
  4.2800000e+002
  4.3400000e+002
  4.7100000e+002
  4.6800000e+002
  5.2500000e+002
  5.3400000e+002
  5.1000000e+002
  2.6700000e+002
  2.7500000e+002
  2.3400000e+002
  2.3300000e+002
  2.3100000e+002
  2.0700000e+002
  1.9400000e+002
  1.7900000e+002
  1.7600000e+002
  1.7700000e+002
  1.7700000e+002
  2.0500000e+002
  2.2200000e+002
  2.3500000e+002
  2.4100000e+002
  2.4800000e+002
  2.4200000e+002
  2.2100000e+002
  1.9600000e+002
  0.0000000e+000
  0.0000000e+000
  0.0000000e+000
  0.0000000e+000
  0.0000000e+000
  0.0000000e+000
  0.0000000e+000
  0.0000000e+000
  0.0000000e+000
  0.0000000e+000
  0.0000000e+000
  0.0000000e+000
  0.0000000e+000
  0.0000000e+000
  3.0100000e+002
  2.8500000e+002
  2.8700000e+002
  2.8900000e+002
  2.9500000e+002
  3.0100000e+002
  3.0400000e+002
  2.9300000e+002
  2.5700000e+002
  2.3300000e+002
  2.1400000e+002
  2.3600000e+002
  2.6100000e+002
  2.7000000e+002
  2.7900000e+002
  2.7600000e+002
  2.6900000e+002
  2.6400000e+002
  2.5900000e+002
  2.5700000e+002
  2.5900000e+002
  2.5800000e+002
  2.6000000e+002
  2.6200000e+002
  2.6400000e+002
  2.6900000e+002
  2.7800000e+002
  2.8600000e+002
  2.9400000e+002
  3.0500000e+002
  3.1400000e+002
  3.1800000e+002
  3.2400000e+002
  3.3100000e+002
  3.3600000e+002
  3.4300000e+002
  3.4500000e+002
  3.4500000e+002
  3.4300000e+002
  3.4200000e+002
  3.3900000e+002
  3.3300000e+002
  3.2600000e+002
  3.1300000e+002
  2.9800000e+002
  2.7400000e+002
  2.4200000e+002
  2.1600000e+002
  1.7900000e+002
  1.4500000e+002
  1.5500000e+002
  1.4900000e+002
  1.4000000e+002
  1.0600000e+002
  1.0100000e+002
  1.0600000e+002
  1.0800000e+002
  1.0200000e+002
  1.1000000e+002
  1.0500000e+002
  1.1000000e+002
  1.1400000e+002
  1.1000000e+002
  0.0000000e+000
  0.0000000e+000
  0.0000000e+000
  0.0000000e+000
  0.0000000e+000
  0.0000000e+000
  0.0000000e+000
  0.0000000e+000
  0.0000000e+000
  0.0000000e+000
  0.0000000e+000
  0.0000000e+000
  0.0000000e+000
  0.0000000e+000
  0.0000000e+000
  0.0000000e+000
  0.0000000e+000
  0.0000000e+000
  0.0000000e+000
  0.0000000e+000
  0.0000000e+000
  0.0000000e+000
  0.0000000e+000
  0.0000000e+000
  0.0000000e+000
  0.0000000e+000
  0.0000000e+000
  0.0000000e+000
  0.0000000e+000
  0.0000000e+000
  0.0000000e+000
  0.0000000e+000
  0.0000000e+000
  0.0000000e+000
  1.0100000e+002
  1.1300000e+002
  1.2100000e+002
  1.0900000e+002
  8.3000000e+001
  1.1200000e+002
  1.0700000e+002
  1.1600000e+002
  1.1400000e+002
  1.1700000e+002
  1.2500000e+002
  1.1500000e+002
  1.1700000e+002
  8.8000000e+001
  9.0000000e+001
  7.6000000e+001
  7.2000000e+001
  7.2000000e+001
  5.5000000e+001
