  0.0000000e+000
  0.0000000e+000
  0.0000000e+000
  0.0000000e+000
  0.0000000e+000
  0.0000000e+000
  0.0000000e+000
  0.0000000e+000
  0.0000000e+000
  0.0000000e+000
  0.0000000e+000
  0.0000000e+000
  0.0000000e+000
  0.0000000e+000
  0.0000000e+000
  0.0000000e+000
  0.0000000e+000
  0.0000000e+000
  0.0000000e+000
  0.0000000e+000
  0.0000000e+000
  0.0000000e+000
  0.0000000e+000
  0.0000000e+000
  0.0000000e+000
  0.0000000e+000
  0.0000000e+000
  0.0000000e+000
  0.0000000e+000
  0.0000000e+000
  0.0000000e+000
  0.0000000e+000
  0.0000000e+000
  0.0000000e+000
  0.0000000e+000
  0.0000000e+000
  0.0000000e+000
  0.0000000e+000
  0.0000000e+000
  0.0000000e+000
  0.0000000e+000
  0.0000000e+000
  0.0000000e+000
  0.0000000e+000
  0.0000000e+000
  0.0000000e+000
  0.0000000e+000
  0.0000000e+000
  0.0000000e+000
  2.3500000e+002
  2.3400000e+002
  2.4900000e+002
  2.6600000e+002
  2.8100000e+002
  2.9200000e+002
  3.0000000e+002
  3.0700000e+002
  2.9100000e+002
  2.8800000e+002
  2.9100000e+002
  2.8900000e+002
  2.8300000e+002
  2.7900000e+002
  2.9200000e+002
  2.9600000e+002
  2.9700000e+002
  2.9700000e+002
  3.0000000e+002
  3.0700000e+002
  3.1600000e+002
  3.2100000e+002
  3.2600000e+002
  3.2700000e+002
  3.1900000e+002
  2.8500000e+002
  2.6300000e+002
  2.6600000e+002
  2.7600000e+002
  2.7800000e+002
  2.4000000e+002
  2.5900000e+002
  0.0000000e+000
  0.0000000e+000
  0.0000000e+000
  0.0000000e+000
  0.0000000e+000
  0.0000000e+000
  2.7800000e+002
  2.7600000e+002
  2.8000000e+002
  2.8400000e+002
  2.8700000e+002
  2.9100000e+002
  2.9200000e+002
  2.9100000e+002
  2.9000000e+002
  2.9100000e+002
  2.9200000e+002
  2.9200000e+002
  2.9000000e+002
  2.8800000e+002
  2.8900000e+002
  2.9300000e+002
  2.9100000e+002
  2.7600000e+002
  2.7600000e+002
  2.7500000e+002
  2.7300000e+002
  2.7000000e+002
  2.7200000e+002
  2.7500000e+002
  2.7400000e+002
  2.7100000e+002
  2.6800000e+002
  2.6400000e+002
  2.5900000e+002
  2.5400000e+002
  2.4600000e+002
  2.4100000e+002
  2.3500000e+002
  2.3000000e+002
  2.2800000e+002
  2.1900000e+002
  2.0400000e+002
  1.9400000e+002
  1.8300000e+002
  1.7600000e+002
  1.7400000e+002
  1.7500000e+002
  1.7700000e+002
  1.8300000e+002
  1.8800000e+002
  1.9600000e+002
  2.0300000e+002
  2.0700000e+002
  2.1200000e+002
  2.1800000e+002
  2.2500000e+002
  2.2900000e+002
  2.3500000e+002
  2.3800000e+002
  2.4300000e+002
  2.4800000e+002
  2.5300000e+002
  2.5500000e+002
  2.6400000e+002
  2.7300000e+002
  2.8000000e+002
  2.8700000e+002
  2.9100000e+002
  2.9700000e+002
  3.0700000e+002
  3.1800000e+002
  3.2500000e+002
  3.3400000e+002
  3.4000000e+002
  3.4300000e+002
  3.4300000e+002
  3.4300000e+002
  3.4300000e+002
  3.4800000e+002
  3.4700000e+002
  3.4300000e+002
  3.3800000e+002
  3.2900000e+002
  3.1800000e+002
  3.0300000e+002
  2.9000000e+002
  2.7900000e+002
  2.6400000e+002
  2.4600000e+002
  2.2800000e+002
  2.0300000e+002
  1.9100000e+002
  1.8600000e+002
  1.7500000e+002
  1.7000000e+002
  1.6700000e+002
  1.7900000e+002
  0.0000000e+000
  0.0000000e+000
  0.0000000e+000
  0.0000000e+000
  0.0000000e+000
  0.0000000e+000
  0.0000000e+000
  0.0000000e+000
  0.0000000e+000
  0.0000000e+000
  0.0000000e+000
  0.0000000e+000
  0.0000000e+000
  0.0000000e+000
  0.0000000e+000
  0.0000000e+000
  0.0000000e+000
  0.0000000e+000
  0.0000000e+000
  0.0000000e+000
  0.0000000e+000
  0.0000000e+000
  0.0000000e+000
  0.0000000e+000
  0.0000000e+000
  0.0000000e+000
  0.0000000e+000
  0.0000000e+000
  0.0000000e+000
  0.0000000e+000
  0.0000000e+000
  0.0000000e+000
  0.0000000e+000
  0.0000000e+000
  0.0000000e+000
  1.1600000e+002
  1.2000000e+002
  1.1600000e+002
  1.1600000e+002
  1.0600000e+002
  1.1100000e+002
  1.1200000e+002
  0.0000000e+000
  0.0000000e+000
  0.0000000e+000
  0.0000000e+000
  0.0000000e+000
  0.0000000e+000
  0.0000000e+000
  0.0000000e+000
  0.0000000e+000
  0.0000000e+000
  0.0000000e+000
  0.0000000e+000
  0.0000000e+000
  0.0000000e+000
