  0.0000000e+000
  0.0000000e+000
  0.0000000e+000
  0.0000000e+000
  0.0000000e+000
  0.0000000e+000
  0.0000000e+000
  0.0000000e+000
  0.0000000e+000
  0.0000000e+000
  0.0000000e+000
  0.0000000e+000
  0.0000000e+000
  0.0000000e+000
  0.0000000e+000
  0.0000000e+000
  0.0000000e+000
  0.0000000e+000
  0.0000000e+000
  0.0000000e+000
  0.0000000e+000
  0.0000000e+000
  0.0000000e+000
  0.0000000e+000
  0.0000000e+000
  0.0000000e+000
  0.0000000e+000
  0.0000000e+000
  0.0000000e+000
  0.0000000e+000
  0.0000000e+000
  0.0000000e+000
  0.0000000e+000
  0.0000000e+000
  0.0000000e+000
  0.0000000e+000
  0.0000000e+000
  0.0000000e+000
  0.0000000e+000
  0.0000000e+000
  0.0000000e+000
  0.0000000e+000
  0.0000000e+000
  0.0000000e+000
  0.0000000e+000
  0.0000000e+000
  0.0000000e+000
  0.0000000e+000
  0.0000000e+000
  0.0000000e+000
  0.0000000e+000
  0.0000000e+000
  0.0000000e+000
  0.0000000e+000
  0.0000000e+000
  0.0000000e+000
  0.0000000e+000
  0.0000000e+000
  0.0000000e+000
  0.0000000e+000
  1.4600000e+002
  1.7200000e+002
  1.9000000e+002
  2.0700000e+002
  2.2100000e+002
  2.3200000e+002
  2.4900000e+002
  2.5800000e+002
  2.6700000e+002
  2.6800000e+002
  2.7000000e+002
  2.6800000e+002
  2.5900000e+002
  2.4500000e+002
  2.2500000e+002
  2.2600000e+002
  2.3200000e+002
  2.3700000e+002
  2.4100000e+002
  2.4400000e+002
  2.4700000e+002
  2.4900000e+002
  2.4900000e+002
  2.4600000e+002
  2.3900000e+002
  2.2400000e+002
  2.0000000e+002
  1.6600000e+002
  1.3000000e+002
  1.3700000e+002
  1.4400000e+002
  1.3600000e+002
  0.0000000e+000
  0.0000000e+000
  0.0000000e+000
  0.0000000e+000
  0.0000000e+000
  0.0000000e+000
  0.0000000e+000
  1.9100000e+002
  2.1500000e+002
  2.1600000e+002
  2.2600000e+002
  2.2700000e+002
  2.3200000e+002
  2.3500000e+002
  2.3500000e+002
  2.3900000e+002
  2.4600000e+002
  2.5200000e+002
  2.5700000e+002
  2.6100000e+002
  2.6400000e+002
  2.6500000e+002
  2.6900000e+002
  2.7200000e+002
  2.7200000e+002
  2.6400000e+002
  2.5100000e+002
  2.4600000e+002
  2.3800000e+002
  2.2700000e+002
  2.2000000e+002
  2.0600000e+002
  2.0300000e+002
  1.8400000e+002
  1.7600000e+002
  1.6200000e+002
  1.4900000e+002
  1.4400000e+002
  1.3700000e+002
  1.3100000e+002
  1.2700000e+002
  1.2300000e+002
  1.1900000e+002
  1.1400000e+002
  1.1300000e+002
  1.1000000e+002
  1.0800000e+002
  1.0700000e+002
  1.0500000e+002
  1.0800000e+002
  1.0900000e+002
  1.1300000e+002
  1.1800000e+002
  1.2400000e+002
  1.3200000e+002
  1.4700000e+002
  1.6700000e+002
  1.8200000e+002
  1.9500000e+002
  2.1000000e+002
  2.2100000e+002
  2.3200000e+002
  2.4400000e+002
  2.5200000e+002
  2.6000000e+002
  2.6600000e+002
  2.7000000e+002
  2.7300000e+002
  2.7300000e+002
  2.7100000e+002
  2.6600000e+002
  2.5700000e+002
  2.4800000e+002
  2.3500000e+002
  2.2300000e+002
  2.0700000e+002
  1.9400000e+002
  1.8300000e+002
  1.7100000e+002
  1.6000000e+002
  1.4900000e+002
  1.4300000e+002
  1.3400000e+002
  1.2800000e+002
  1.2600000e+002
  1.2300000e+002
  1.1900000e+002
  1.1700000e+002
  1.1600000e+002
  1.1500000e+002
  1.1300000e+002
  1.1100000e+002
  1.1100000e+002
  1.1000000e+002
  1.0900000e+002
  1.1300000e+002
  1.0800000e+002
  1.1200000e+002
  1.1100000e+002
  1.0700000e+002
  1.0800000e+002
  1.1500000e+002
  1.0800000e+002
  1.3000000e+002
  1.2200000e+002
  1.2100000e+002
  1.1800000e+002
  0.0000000e+000
  0.0000000e+000
  0.0000000e+000
  0.0000000e+000
  0.0000000e+000
  0.0000000e+000
  0.0000000e+000
  0.0000000e+000
  0.0000000e+000
  0.0000000e+000
  0.0000000e+000
  0.0000000e+000
  0.0000000e+000
  0.0000000e+000
  0.0000000e+000
  0.0000000e+000
  0.0000000e+000
  0.0000000e+000
  0.0000000e+000
  0.0000000e+000
  0.0000000e+000
  0.0000000e+000
  0.0000000e+000
  0.0000000e+000
  0.0000000e+000
  6.8000000e+001
  6.2000000e+001
  5.6000000e+001
  5.6000000e+001
  6.9000000e+001
  6.5000000e+001
  6.6000000e+001
  7.8000000e+001
  7.6000000e+001
  7.0000000e+001
  5.3000000e+001
  6.5000000e+001
  6.7000000e+001
  6.3000000e+001
  1.2900000e+002
  1.0900000e+002
  1.0500000e+002
  1.0600000e+002
  1.1400000e+002
  1.0900000e+002
  7.6000000e+001
  7.1000000e+001
  8.0000000e+001
  8.3000000e+001
  7.1000000e+001
  8.0000000e+001
  7.2000000e+001
  7.8000000e+001
  7.5000000e+001
  6.6000000e+001
  5.7000000e+001
