  0.0000000e+000
  0.0000000e+000
  0.0000000e+000
  0.0000000e+000
  0.0000000e+000
  0.0000000e+000
  0.0000000e+000
  0.0000000e+000
  0.0000000e+000
  0.0000000e+000
  0.0000000e+000
  0.0000000e+000
  0.0000000e+000
  0.0000000e+000
  0.0000000e+000
  0.0000000e+000
  0.0000000e+000
  0.0000000e+000
  0.0000000e+000
  0.0000000e+000
  0.0000000e+000
  0.0000000e+000
  0.0000000e+000
  0.0000000e+000
  0.0000000e+000
  0.0000000e+000
  0.0000000e+000
  0.0000000e+000
  0.0000000e+000
  0.0000000e+000
  0.0000000e+000
  0.0000000e+000
  0.0000000e+000
  0.0000000e+000
  0.0000000e+000
  0.0000000e+000
  0.0000000e+000
  0.0000000e+000
  0.0000000e+000
  0.0000000e+000
  0.0000000e+000
  0.0000000e+000
  0.0000000e+000
  0.0000000e+000
  0.0000000e+000
  0.0000000e+000
  0.0000000e+000
  0.0000000e+000
  0.0000000e+000
  0.0000000e+000
  0.0000000e+000
  0.0000000e+000
  0.0000000e+000
  0.0000000e+000
  0.0000000e+000
  0.0000000e+000
  0.0000000e+000
  1.4800000e+002
  1.4500000e+002
  1.1200000e+002
  1.1100000e+002
  1.0700000e+002
  1.0600000e+002
  1.0800000e+002
  1.1200000e+002
  1.1800000e+002
  1.2400000e+002
  1.3100000e+002
  1.3900000e+002
  1.4500000e+002
  1.5000000e+002
  1.4400000e+002
  1.5300000e+002
  1.5500000e+002
  1.5800000e+002
  1.6100000e+002
  1.6200000e+002
  1.5100000e+002
  1.5300000e+002
  1.5000000e+002
  1.5600000e+002
  1.6400000e+002
  1.6700000e+002
  1.6700000e+002
  1.6700000e+002
  1.6400000e+002
  1.6100000e+002
  1.5700000e+002
  1.2000000e+002
  1.4200000e+002
  1.4600000e+002
  1.1300000e+002
  1.1200000e+002
  0.0000000e+000
  0.0000000e+000
  0.0000000e+000
  0.0000000e+000
  0.0000000e+000
  0.0000000e+000
  0.0000000e+000
  1.8400000e+002
  1.6700000e+002
  1.6500000e+002
  1.5800000e+002
  1.5300000e+002
  1.4800000e+002
  1.4700000e+002
  1.4500000e+002
  1.4500000e+002
  1.4400000e+002
  1.4400000e+002
  1.4200000e+002
  1.4300000e+002
  1.4100000e+002
  1.3900000e+002
  1.3400000e+002
  1.3700000e+002
  1.3600000e+002
  1.3300000e+002
  1.3100000e+002
  1.2900000e+002
  1.2800000e+002
  1.3100000e+002
  1.2500000e+002
  1.2400000e+002
  1.2200000e+002
  1.2100000e+002
  1.1900000e+002
  1.1700000e+002
  1.1600000e+002
  1.1700000e+002
  1.1500000e+002
  1.1300000e+002
  1.1000000e+002
  1.0500000e+002
  1.0300000e+002
  1.0400000e+002
  1.0500000e+002
  1.0700000e+002
  1.0800000e+002
  1.1200000e+002
  1.1800000e+002
  1.2200000e+002
  1.2600000e+002
  1.2600000e+002
  1.2800000e+002
  1.2800000e+002
  1.2800000e+002
  1.2600000e+002
  1.2600000e+002
  1.2400000e+002
  1.2200000e+002
  1.2000000e+002
  1.1900000e+002
  1.1600000e+002
  1.1300000e+002
  1.1200000e+002
  1.1000000e+002
  1.0600000e+002
  1.0600000e+002
  1.0600000e+002
  1.0500000e+002
  1.0600000e+002
  1.0300000e+002
  1.0700000e+002
  1.1100000e+002
  1.2400000e+002
  1.3200000e+002
  1.2800000e+002
  1.2800000e+002
  1.2000000e+002
  1.1700000e+002
  1.0800000e+002
  1.2200000e+002
  1.1700000e+002
  8.9000000e+001
  1.0900000e+002
  8.8000000e+001
  8.8000000e+001
  1.2600000e+002
  1.2400000e+002
  1.1700000e+002
  1.1200000e+002
  0.0000000e+000
  0.0000000e+000
  0.0000000e+000
  0.0000000e+000
  0.0000000e+000
  0.0000000e+000
  0.0000000e+000
  0.0000000e+000
  0.0000000e+000
  0.0000000e+000
  0.0000000e+000
  0.0000000e+000
  0.0000000e+000
  0.0000000e+000
  0.0000000e+000
  0.0000000e+000
  0.0000000e+000
  0.0000000e+000
  0.0000000e+000
  0.0000000e+000
  0.0000000e+000
  0.0000000e+000
  0.0000000e+000
  0.0000000e+000
  0.0000000e+000
  0.0000000e+000
  0.0000000e+000
  0.0000000e+000
  0.0000000e+000
  0.0000000e+000
  0.0000000e+000
  0.0000000e+000
  0.0000000e+000
  0.0000000e+000
  0.0000000e+000
  0.0000000e+000
  0.0000000e+000
  0.0000000e+000
  0.0000000e+000
  0.0000000e+000
  0.0000000e+000
  0.0000000e+000
  0.0000000e+000
  0.0000000e+000
  0.0000000e+000
  0.0000000e+000
  0.0000000e+000
  0.0000000e+000
  0.0000000e+000
  0.0000000e+000
  0.0000000e+000
  0.0000000e+000
  0.0000000e+000
  0.0000000e+000
  0.0000000e+000
  0.0000000e+000
  0.0000000e+000
  0.0000000e+000
  0.0000000e+000
  0.0000000e+000
  0.0000000e+000
  0.0000000e+000
  0.0000000e+000
