  0.0000000e+000
  0.0000000e+000
  0.0000000e+000
  0.0000000e+000
  0.0000000e+000
  0.0000000e+000
  0.0000000e+000
  0.0000000e+000
  0.0000000e+000
  0.0000000e+000
  0.0000000e+000
  0.0000000e+000
  0.0000000e+000
  0.0000000e+000
  0.0000000e+000
  0.0000000e+000
  0.0000000e+000
  0.0000000e+000
  0.0000000e+000
  0.0000000e+000
  0.0000000e+000
  0.0000000e+000
  0.0000000e+000
  0.0000000e+000
  0.0000000e+000
  0.0000000e+000
  0.0000000e+000
  0.0000000e+000
  0.0000000e+000
  0.0000000e+000
  0.0000000e+000
  0.0000000e+000
  0.0000000e+000
  0.0000000e+000
  0.0000000e+000
  0.0000000e+000
  0.0000000e+000
  0.0000000e+000
  0.0000000e+000
  0.0000000e+000
  0.0000000e+000
  0.0000000e+000
  0.0000000e+000
  0.0000000e+000
  0.0000000e+000
  0.0000000e+000
  0.0000000e+000
  0.0000000e+000
  0.0000000e+000
  0.0000000e+000
  0.0000000e+000
  0.0000000e+000
  0.0000000e+000
  0.0000000e+000
  1.4200000e+002
  1.3900000e+002
  1.4600000e+002
  1.5200000e+002
  1.5900000e+002
  1.6600000e+002
  1.6900000e+002
  1.7200000e+002
  1.7800000e+002
  1.8200000e+002
  1.9200000e+002
  1.9900000e+002
  1.9400000e+002
  1.7300000e+002
  1.8800000e+002
  1.6600000e+002
  1.6600000e+002
  1.8600000e+002
  1.8100000e+002
  0.0000000e+000
  0.0000000e+000
  0.0000000e+000
  0.0000000e+000
  0.0000000e+000
  0.0000000e+000
  0.0000000e+000
  0.0000000e+000
  0.0000000e+000
  0.0000000e+000
  0.0000000e+000
  0.0000000e+000
  0.0000000e+000
  1.5400000e+002
  1.5600000e+002
  1.5500000e+002
  1.4900000e+002
  1.4700000e+002
  1.4400000e+002
  1.4300000e+002
  1.4100000e+002
  1.4200000e+002
  1.4000000e+002
  1.3900000e+002
  1.3900000e+002
  1.3900000e+002
  1.3700000e+002
  1.3700000e+002
  1.3500000e+002
  1.3300000e+002
  1.2600000e+002
  1.2100000e+002
  0.0000000e+000
  0.0000000e+000
  0.0000000e+000
  0.0000000e+000
  0.0000000e+000
  0.0000000e+000
  0.0000000e+000
  0.0000000e+000
  0.0000000e+000
  0.0000000e+000
  0.0000000e+000
  0.0000000e+000
  0.0000000e+000
  0.0000000e+000
  0.0000000e+000
  0.0000000e+000
  0.0000000e+000
  0.0000000e+000
  0.0000000e+000
  0.0000000e+000
  1.7200000e+002
  1.7400000e+002
  1.7500000e+002
  1.7200000e+002
  1.7300000e+002
  1.7500000e+002
  1.7800000e+002
  1.7700000e+002
  1.7300000e+002
  1.5600000e+002
  1.4900000e+002
  0.0000000e+000
  0.0000000e+000
  0.0000000e+000
  0.0000000e+000
  0.0000000e+000
  0.0000000e+000
  0.0000000e+000
  0.0000000e+000
  0.0000000e+000
  0.0000000e+000
  0.0000000e+000
  0.0000000e+000
  1.6700000e+002
  1.4400000e+002
  1.3700000e+002
  1.3600000e+002
  1.3500000e+002
  1.3500000e+002
  1.3500000e+002
  1.3600000e+002
  1.3700000e+002
  1.5000000e+002
  1.4100000e+002
  1.4100000e+002
  1.4100000e+002
  1.3800000e+002
  1.3500000e+002
  1.3100000e+002
  1.2600000e+002
  1.2100000e+002
  1.1600000e+002
  1.1200000e+002
  1.0500000e+002
  8.8000000e+001
  8.8000000e+001
  8.7000000e+001
  8.7000000e+001
  9.2000000e+001
  8.9000000e+001
  8.9000000e+001
  8.9000000e+001
  0.0000000e+000
  0.0000000e+000
  0.0000000e+000
  0.0000000e+000
  0.0000000e+000
  0.0000000e+000
  0.0000000e+000
  0.0000000e+000
  0.0000000e+000
  0.0000000e+000
  0.0000000e+000
  1.3700000e+002
  1.3500000e+002
  1.4200000e+002
  1.4100000e+002
  1.4000000e+002
  1.4000000e+002
  1.4200000e+002
  1.4200000e+002
  1.3200000e+002
  1.2100000e+002
  0.0000000e+000
  0.0000000e+000
  0.0000000e+000
  0.0000000e+000
  0.0000000e+000
  0.0000000e+000
  0.0000000e+000
  0.0000000e+000
  0.0000000e+000
  0.0000000e+000
  0.0000000e+000
  0.0000000e+000
  0.0000000e+000
  1.6400000e+002
  1.4800000e+002
  1.2400000e+002
  1.2600000e+002
  1.2800000e+002
  1.2800000e+002
  1.3500000e+002
  1.3900000e+002
  1.4400000e+002
  1.4800000e+002
  1.4900000e+002
  1.3700000e+002
  1.2600000e+002
  1.3300000e+002
  1.3500000e+002
  1.3500000e+002
  1.1100000e+002
  0.0000000e+000
  0.0000000e+000
  0.0000000e+000
  0.0000000e+000
  0.0000000e+000
  0.0000000e+000
  0.0000000e+000
  0.0000000e+000
  0.0000000e+000
  0.0000000e+000
  0.0000000e+000
  1.4300000e+002
  1.4000000e+002
  1.3600000e+002
  1.3200000e+002
  1.3100000e+002
  1.2800000e+002
  1.2500000e+002
  1.2500000e+002
  1.2400000e+002
  1.2100000e+002
  1.2500000e+002
  1.2400000e+002
  1.2500000e+002
  1.2300000e+002
  1.2100000e+002
  1.2100000e+002
  1.2200000e+002
  1.2300000e+002
  1.2200000e+002
  1.2200000e+002
  1.2200000e+002
  1.2300000e+002
  1.2500000e+002
  1.3500000e+002
  1.2600000e+002
  1.2800000e+002
  1.2800000e+002
  1.2700000e+002
  1.2700000e+002
  1.2600000e+002
  1.2500000e+002
  1.2500000e+002
  1.2500000e+002
  1.2400000e+002
  1.2500000e+002
  1.2400000e+002
  1.2400000e+002
  1.2100000e+002
  1.1900000e+002
  1.1700000e+002
  1.0800000e+002
  1.1700000e+002
  1.1100000e+002
  1.0500000e+002
  1.0500000e+002
  1.1100000e+002
  0.0000000e+000
  0.0000000e+000
  0.0000000e+000
  0.0000000e+000
  0.0000000e+000
  0.0000000e+000
  0.0000000e+000
  1.3000000e+002
  1.3600000e+002
  1.4900000e+002
  1.2400000e+002
  1.1600000e+002
  1.3700000e+002
  1.2700000e+002
  1.1100000e+002
  1.1400000e+002
  1.1400000e+002
  1.1500000e+002
  1.1400000e+002
  1.2400000e+002
  1.5100000e+002
  1.1700000e+002
  1.1700000e+002
  1.1200000e+002
  1.1400000e+002
  1.1400000e+002
  1.1400000e+002
  1.2900000e+002
  0.0000000e+000
  0.0000000e+000
  0.0000000e+000
  0.0000000e+000
  0.0000000e+000
  0.0000000e+000
  0.0000000e+000
  0.0000000e+000
  0.0000000e+000
  0.0000000e+000
  0.0000000e+000
  0.0000000e+000
  0.0000000e+000
  0.0000000e+000
  0.0000000e+000
  0.0000000e+000
  0.0000000e+000
  0.0000000e+000
  0.0000000e+000
  0.0000000e+000
  0.0000000e+000
  0.0000000e+000
  0.0000000e+000
  0.0000000e+000
  0.0000000e+000
  0.0000000e+000
  0.0000000e+000
  0.0000000e+000
  0.0000000e+000
  0.0000000e+000
  0.0000000e+000
  0.0000000e+000
  0.0000000e+000
  0.0000000e+000
  0.0000000e+000
  0.0000000e+000
  0.0000000e+000
  0.0000000e+000
