  0.0000000e+000
  0.0000000e+000
  0.0000000e+000
  0.0000000e+000
  0.0000000e+000
  0.0000000e+000
  0.0000000e+000
  0.0000000e+000
  0.0000000e+000
  0.0000000e+000
  0.0000000e+000
  0.0000000e+000
  0.0000000e+000
  0.0000000e+000
  0.0000000e+000
  0.0000000e+000
  0.0000000e+000
  0.0000000e+000
  0.0000000e+000
  0.0000000e+000
  0.0000000e+000
  0.0000000e+000
  0.0000000e+000
  0.0000000e+000
  0.0000000e+000
  0.0000000e+000
  0.0000000e+000
  0.0000000e+000
  0.0000000e+000
  0.0000000e+000
  0.0000000e+000
  0.0000000e+000
  0.0000000e+000
  0.0000000e+000
  0.0000000e+000
  0.0000000e+000
  0.0000000e+000
  0.0000000e+000
  0.0000000e+000
  0.0000000e+000
  0.0000000e+000
  0.0000000e+000
  0.0000000e+000
  0.0000000e+000
  0.0000000e+000
  0.0000000e+000
  0.0000000e+000
  0.0000000e+000
  0.0000000e+000
  0.0000000e+000
  0.0000000e+000
  0.0000000e+000
  0.0000000e+000
  0.0000000e+000
  0.0000000e+000
  0.0000000e+000
  0.0000000e+000
  0.0000000e+000
  0.0000000e+000
  0.0000000e+000
  0.0000000e+000
  0.0000000e+000
  0.0000000e+000
  2.8000000e+002
  2.9400000e+002
  3.1800000e+002
  3.3200000e+002
  3.3800000e+002
  3.4100000e+002
  3.4200000e+002
  3.3400000e+002
  3.1100000e+002
  2.6300000e+002
  3.5300000e+002
  3.3400000e+002
  3.3200000e+002
  3.3800000e+002
  0.0000000e+000
  0.0000000e+000
  4.0800000e+002
  4.0600000e+002
  4.0600000e+002
  3.8100000e+002
  3.6100000e+002
  3.5300000e+002
  3.4300000e+002
  3.3100000e+002
  3.0500000e+002
  3.9300000e+002
  4.1200000e+002
  4.2600000e+002
  4.1300000e+002
  4.0300000e+002
  4.0400000e+002
  3.9500000e+002
  3.8800000e+002
  3.8200000e+002
  3.7500000e+002
  3.7100000e+002
  3.6800000e+002
  3.5700000e+002
  3.3600000e+002
  3.2000000e+002
  3.1400000e+002
  3.1800000e+002
  3.2100000e+002
  3.2600000e+002
  3.2900000e+002
  3.3100000e+002
  3.3000000e+002
  3.2500000e+002
  3.2000000e+002
  2.7600000e+002
  2.7100000e+002
  0.0000000e+000
  0.0000000e+000
  0.0000000e+000
  0.0000000e+000
  0.0000000e+000
  0.0000000e+000
  0.0000000e+000
  0.0000000e+000
  0.0000000e+000
  0.0000000e+000
  3.7200000e+002
  3.4000000e+002
  3.2500000e+002
  3.1800000e+002
  2.7400000e+002
  2.5700000e+002
  2.3500000e+002
  2.2300000e+002
  2.3500000e+002
  2.7400000e+002
  2.7400000e+002
  2.5700000e+002
  2.4100000e+002
  0.0000000e+000
  0.0000000e+000
  0.0000000e+000
  0.0000000e+000
  2.8900000e+002
  3.0400000e+002
  3.2600000e+002
  3.3100000e+002
  3.2400000e+002
  3.2100000e+002
  3.1900000e+002
  3.2200000e+002
  3.3200000e+002
  3.3500000e+002
  3.3400000e+002
  3.1300000e+002
  2.8400000e+002
  2.8300000e+002
  2.9700000e+002
  3.1300000e+002
  3.3400000e+002
  3.4900000e+002
  3.5000000e+002
  3.5400000e+002
  3.4700000e+002
  3.3400000e+002
  3.0900000e+002
  2.9800000e+002
  2.8500000e+002
  2.7700000e+002
  2.6600000e+002
  2.5700000e+002
  2.5400000e+002
  2.4900000e+002
  2.6200000e+002
  2.5500000e+002
  2.6000000e+002
  2.6000000e+002
  2.6700000e+002
  1.4500000e+002
  1.3100000e+002
  1.6000000e+002
  1.6300000e+002
  1.6800000e+002
  1.6900000e+002
  1.7100000e+002
  1.7000000e+002
  1.6400000e+002
  1.2400000e+002
  1.2500000e+002
  1.2200000e+002
  1.3200000e+002
  0.0000000e+000
  0.0000000e+000
  0.0000000e+000
  0.0000000e+000
  0.0000000e+000
  3.4500000e+002
  3.2900000e+002
  3.2500000e+002
  3.2200000e+002
  3.1900000e+002
  3.0200000e+002
  2.9800000e+002
  2.8900000e+002
  3.0000000e+002
  3.0500000e+002
  3.1400000e+002
  3.2500000e+002
  3.3000000e+002
  3.2400000e+002
  3.2500000e+002
  3.2300000e+002
  3.1900000e+002
  3.2000000e+002
  3.1300000e+002
  3.0100000e+002
  2.9000000e+002
  2.8700000e+002
  1.5100000e+002
  1.4300000e+002
  1.3500000e+002
  0.0000000e+000
  0.0000000e+000
  0.0000000e+000
  0.0000000e+000
  0.0000000e+000
  2.4800000e+002
  2.3900000e+002
  2.9100000e+002
  3.0900000e+002
  3.1300000e+002
  3.1000000e+002
  3.0100000e+002
  2.6800000e+002
  2.3000000e+002
  3.1800000e+002
  2.9100000e+002
  3.0300000e+002
  3.0200000e+002
  3.1100000e+002
  2.9900000e+002
  0.0000000e+000
  0.0000000e+000
  0.0000000e+000
  0.0000000e+000
  0.0000000e+000
  0.0000000e+000
  0.0000000e+000
  3.3800000e+002
  3.2500000e+002
  3.2100000e+002
  3.2400000e+002
  3.2300000e+002
  3.3400000e+002
  3.2900000e+002
  3.2400000e+002
  3.2300000e+002
  3.2700000e+002
  3.2700000e+002
  3.2900000e+002
  3.3000000e+002
  3.2900000e+002
  3.2600000e+002
  3.1700000e+002
  3.1300000e+002
  2.7500000e+002
  2.4900000e+002
  0.0000000e+000
  0.0000000e+000
  3.9900000e+002
  4.1200000e+002
  4.5500000e+002
  4.7000000e+002
  4.7000000e+002
  4.6200000e+002
  4.7500000e+002
  4.8800000e+002
  3.1800000e+002
  3.2000000e+002
  3.3400000e+002
  3.2900000e+002
  3.4100000e+002
  3.4400000e+002
  3.4600000e+002
  3.4500000e+002
  3.4200000e+002
  3.3500000e+002
  3.2400000e+002
  2.9900000e+002
  0.0000000e+000
  0.0000000e+000
  0.0000000e+000
  0.0000000e+000
  0.0000000e+000
  0.0000000e+000
  0.0000000e+000
  0.0000000e+000
  0.0000000e+000
  0.0000000e+000
  0.0000000e+000
  0.0000000e+000
  0.0000000e+000
  3.2700000e+002
  3.2500000e+002
  3.0900000e+002
  3.2200000e+002
  3.2900000e+002
  3.2800000e+002
  3.2800000e+002
  3.2700000e+002
  3.3500000e+002
  3.3300000e+002
  3.3100000e+002
  3.3000000e+002
  3.3000000e+002
  3.1000000e+002
  3.2600000e+002
  3.1700000e+002
  3.0700000e+002
  2.8200000e+002
  2.6000000e+002
  2.5500000e+002
  2.7000000e+002
  0.0000000e+000
  0.0000000e+000
  3.3300000e+002
  3.2900000e+002
  3.2800000e+002
  3.2500000e+002
  3.0200000e+002
  3.0300000e+002
  3.0800000e+002
  3.0600000e+002
  3.2300000e+002
  3.4400000e+002
  3.4100000e+002
  3.4000000e+002
  3.3500000e+002
  3.3400000e+002
  3.3000000e+002
  3.0800000e+002
  3.2900000e+002
  3.2400000e+002
  3.2200000e+002
  3.2200000e+002
  3.2100000e+002
  3.2100000e+002
  3.2200000e+002
  3.2400000e+002
  3.4000000e+002
  3.3500000e+002
  3.4000000e+002
  3.4300000e+002
  3.5400000e+002
  3.6800000e+002
  3.6800000e+002
  3.7000000e+002
  3.7800000e+002
  3.8500000e+002
  3.9700000e+002
  4.1800000e+002
  4.4100000e+002
  4.6500000e+002
  4.7000000e+002
  4.7700000e+002
  4.8000000e+002
  4.6900000e+002
  4.2300000e+002
  3.9800000e+002
  3.6600000e+002
  3.9400000e+002
  4.1300000e+002
  4.2100000e+002
  4.1100000e+002
  3.8400000e+002
  4.0900000e+002
  0.0000000e+000
  0.0000000e+000
  0.0000000e+000
  3.3200000e+002
  3.0000000e+002
  2.8400000e+002
  2.6500000e+002
  2.5300000e+002
  2.3900000e+002
  2.1500000e+002
  2.1200000e+002
  1.9400000e+002
  1.7800000e+002
  1.7000000e+002
  1.6100000e+002
  1.4900000e+002
  1.4300000e+002
  1.3800000e+002
  1.3500000e+002
  1.3800000e+002
  1.3200000e+002
  1.3000000e+002
  1.2700000e+002
  1.2400000e+002
  1.2400000e+002
  1.2500000e+002
  1.2800000e+002
  1.3400000e+002
  1.4600000e+002
  1.3500000e+002
  1.8600000e+002
  2.1500000e+002
  2.3200000e+002
  2.5600000e+002
  2.7300000e+002
  2.9000000e+002
  2.9600000e+002
  2.7300000e+002
  2.3300000e+002
  0.0000000e+000
  0.0000000e+000
  0.0000000e+000
  0.0000000e+000
  0.0000000e+000
  0.0000000e+000
  0.0000000e+000
  0.0000000e+000
  0.0000000e+000
  0.0000000e+000
  0.0000000e+000
  0.0000000e+000
  0.0000000e+000
  0.0000000e+000
  0.0000000e+000
  0.0000000e+000
  0.0000000e+000
  0.0000000e+000
  0.0000000e+000
  0.0000000e+000
  0.0000000e+000
  0.0000000e+000
  0.0000000e+000
  0.0000000e+000
  0.0000000e+000
  0.0000000e+000
  0.0000000e+000
  0.0000000e+000
  0.0000000e+000
  0.0000000e+000
  0.0000000e+000
  0.0000000e+000
  0.0000000e+000
  0.0000000e+000
  0.0000000e+000
  0.0000000e+000
  0.0000000e+000
  0.0000000e+000
  0.0000000e+000
  0.0000000e+000
  0.0000000e+000
  0.0000000e+000
  0.0000000e+000
  0.0000000e+000
  0.0000000e+000
  0.0000000e+000
  0.0000000e+000
  0.0000000e+000
  0.0000000e+000
  0.0000000e+000
  0.0000000e+000
  0.0000000e+000
  0.0000000e+000
  0.0000000e+000
  0.0000000e+000
  0.0000000e+000
  0.0000000e+000
  0.0000000e+000
  0.0000000e+000
  0.0000000e+000
  0.0000000e+000
  0.0000000e+000
  0.0000000e+000
  0.0000000e+000
  0.0000000e+000
  0.0000000e+000
  0.0000000e+000
  0.0000000e+000
