  0.0000000e+000
  0.0000000e+000
  0.0000000e+000
  0.0000000e+000
  0.0000000e+000
  0.0000000e+000
  0.0000000e+000
  0.0000000e+000
  0.0000000e+000
  0.0000000e+000
  0.0000000e+000
  0.0000000e+000
  0.0000000e+000
  0.0000000e+000
  0.0000000e+000
  0.0000000e+000
  0.0000000e+000
  0.0000000e+000
  0.0000000e+000
  0.0000000e+000
  0.0000000e+000
  0.0000000e+000
  0.0000000e+000
  0.0000000e+000
  0.0000000e+000
  0.0000000e+000
  0.0000000e+000
  0.0000000e+000
  0.0000000e+000
  0.0000000e+000
  0.0000000e+000
  0.0000000e+000
  0.0000000e+000
  0.0000000e+000
  0.0000000e+000
  0.0000000e+000
  0.0000000e+000
  0.0000000e+000
  0.0000000e+000
  0.0000000e+000
  0.0000000e+000
  0.0000000e+000
  0.0000000e+000
  0.0000000e+000
  0.0000000e+000
  0.0000000e+000
  0.0000000e+000
  0.0000000e+000
  0.0000000e+000
  0.0000000e+000
  0.0000000e+000
  0.0000000e+000
  0.0000000e+000
  0.0000000e+000
  0.0000000e+000
  0.0000000e+000
  0.0000000e+000
  0.0000000e+000
  1.4300000e+002
  1.5200000e+002
  1.6300000e+002
  1.7700000e+002
  1.9500000e+002
  2.2300000e+002
  2.5400000e+002
  2.8600000e+002
  2.9300000e+002
  3.0500000e+002
  3.1200000e+002
  3.2100000e+002
  3.3000000e+002
  3.3600000e+002
  3.4300000e+002
  3.6000000e+002
  3.7000000e+002
  3.7100000e+002
  3.6900000e+002
  3.4500000e+002
  3.2500000e+002
  3.1400000e+002
  3.3500000e+002
  3.7000000e+002
  3.6000000e+002
  3.6300000e+002
  3.7500000e+002
  0.0000000e+000
  0.0000000e+000
  3.2300000e+002
  3.4200000e+002
  3.2700000e+002
  3.2000000e+002
  3.1300000e+002
  3.0700000e+002
  2.4100000e+002
  2.4400000e+002
  2.5100000e+002
  2.5400000e+002
  3.0800000e+002
  2.6700000e+002
  2.5300000e+002
  2.4500000e+002
  2.3600000e+002
  2.3400000e+002
  2.3500000e+002
  2.4300000e+002
  2.5300000e+002
  2.7900000e+002
  3.1100000e+002
  3.3200000e+002
  3.4100000e+002
  3.4800000e+002
  3.6000000e+002
  3.6700000e+002
  3.7300000e+002
  3.8500000e+002
  3.8300000e+002
  3.7800000e+002
  3.8000000e+002
  3.7700000e+002
  3.7400000e+002
  3.6500000e+002
  3.5900000e+002
  3.5100000e+002
  3.4500000e+002
  3.3500000e+002
  3.0900000e+002
  2.7500000e+002
  2.7400000e+002
  2.4900000e+002
  2.3300000e+002
  2.2900000e+002
  2.2100000e+002
  1.9100000e+002
  1.7900000e+002
  1.5800000e+002
  1.4900000e+002
  1.4400000e+002
  1.4000000e+002
  1.4100000e+002
  1.4800000e+002
  1.4700000e+002
  1.4800000e+002
  1.5200000e+002
  1.7300000e+002
  1.7300000e+002
  1.7700000e+002
  1.8500000e+002
  2.1000000e+002
  2.1000000e+002
  1.9900000e+002
  1.9700000e+002
  1.9800000e+002
  1.9500000e+002
  0.0000000e+000
  0.0000000e+000
  0.0000000e+000
  0.0000000e+000
  0.0000000e+000
  0.0000000e+000
  0.0000000e+000
  0.0000000e+000
  0.0000000e+000
  0.0000000e+000
  0.0000000e+000
  0.0000000e+000
  0.0000000e+000
  0.0000000e+000
  2.3200000e+002
  2.4300000e+002
  2.4900000e+002
  2.4800000e+002
  2.4400000e+002
  2.4700000e+002
  2.4900000e+002
  2.4600000e+002
  2.4200000e+002
  2.6100000e+002
  2.6100000e+002
  2.5100000e+002
  2.3300000e+002
  2.0100000e+002
  1.8300000e+002
  1.7200000e+002
  1.6100000e+002
  1.5300000e+002
  1.6800000e+002
  1.8100000e+002
  1.7100000e+002
  1.6200000e+002
  0.0000000e+000
  0.0000000e+000
  0.0000000e+000
  0.0000000e+000
  0.0000000e+000
  0.0000000e+000
  0.0000000e+000
  2.2000000e+002
  2.4400000e+002
  2.6600000e+002
  2.7700000e+002
  2.8900000e+002
  2.9700000e+002
  3.0800000e+002
  3.1700000e+002
  3.2300000e+002
  3.2600000e+002
  3.3200000e+002
  3.3200000e+002
  3.2700000e+002
  3.2000000e+002
  3.1100000e+002
  2.9800000e+002
  2.6400000e+002
  2.4300000e+002
  2.3500000e+002
  2.1200000e+002
  1.9800000e+002
  1.8900000e+002
  1.8400000e+002
  2.6200000e+002
  1.6000000e+002
  1.6000000e+002
  1.9000000e+002
  2.0000000e+002
  2.1100000e+002
  2.2600000e+002
  2.4500000e+002
  2.6100000e+002
  2.7600000e+002
  2.8700000e+002
  2.9100000e+002
  2.9600000e+002
  3.0100000e+002
  3.0400000e+002
  3.0600000e+002
  3.0700000e+002
  3.0700000e+002
  3.0800000e+002
  3.0700000e+002
  2.9800000e+002
  2.9100000e+002
  2.8000000e+002
  2.7100000e+002
  2.6300000e+002
  2.5700000e+002
  2.3900000e+002
  2.0500000e+002
  1.8300000e+002
  9.9000000e+001
  8.6000000e+001
  9.0000000e+001
  1.0300000e+002
  1.0300000e+002
  1.0800000e+002
  0.0000000e+000
  0.0000000e+000
  0.0000000e+000
  0.0000000e+000
  0.0000000e+000
  0.0000000e+000
  0.0000000e+000
  0.0000000e+000
  0.0000000e+000
  0.0000000e+000
  0.0000000e+000
  2.8300000e+002
  2.9400000e+002
  2.9200000e+002
  2.9000000e+002
  2.9300000e+002
  2.9600000e+002
  2.9900000e+002
  3.0300000e+002
  3.0400000e+002
  3.0200000e+002
  3.0000000e+002
  2.9600000e+002
  2.7000000e+002
  2.5100000e+002
  2.6500000e+002
  2.7600000e+002
  2.7100000e+002
  3.1300000e+002
  3.4400000e+002
  3.3100000e+002
  3.1500000e+002
  3.0800000e+002
  2.6000000e+002
  2.5200000e+002
  2.5800000e+002
  2.7400000e+002
  2.7300000e+002
  2.6400000e+002
  2.8700000e+002
  3.0200000e+002
  3.2700000e+002
  3.4300000e+002
  2.9900000e+002
  3.3400000e+002
  3.4100000e+002
  3.4000000e+002
  3.3900000e+002
  3.3800000e+002
  3.4000000e+002
  3.4500000e+002
  3.5000000e+002
  3.5100000e+002
  3.5400000e+002
  3.6200000e+002
  3.6600000e+002
  3.6500000e+002
  3.6400000e+002
  3.6100000e+002
  3.5700000e+002
  3.5400000e+002
  3.4800000e+002
  3.4400000e+002
  3.3300000e+002
  3.1100000e+002
  2.8900000e+002
  2.6900000e+002
  2.2800000e+002
  2.0700000e+002
  2.0800000e+002
  2.3200000e+002
  2.6300000e+002
  2.7900000e+002
  2.5700000e+002
  0.0000000e+000
  0.0000000e+000
  0.0000000e+000
  1.6200000e+002
  1.7700000e+002
  1.5600000e+002
  1.4500000e+002
  1.4100000e+002
  1.3900000e+002
  1.3700000e+002
  1.3500000e+002
  1.3500000e+002
  1.3600000e+002
  1.3800000e+002
  1.4400000e+002
  1.5700000e+002
  1.8000000e+002
  2.0300000e+002
  2.1600000e+002
  2.3500000e+002
  2.5000000e+002
  2.6600000e+002
  2.9700000e+002
  3.1800000e+002
  3.3300000e+002
  3.4200000e+002
  3.4800000e+002
  3.5000000e+002
  3.5400000e+002
  3.4800000e+002
  3.3900000e+002
  3.3000000e+002
  3.0100000e+002
  2.8300000e+002
  0.0000000e+000
  0.0000000e+000
  0.0000000e+000
  0.0000000e+000
  0.0000000e+000
  0.0000000e+000
  0.0000000e+000
  0.0000000e+000
  0.0000000e+000
  0.0000000e+000
  0.0000000e+000
  0.0000000e+000
  0.0000000e+000
  0.0000000e+000
  0.0000000e+000
  0.0000000e+000
  0.0000000e+000
  0.0000000e+000
  0.0000000e+000
  0.0000000e+000
  0.0000000e+000
  0.0000000e+000
  0.0000000e+000
  0.0000000e+000
  0.0000000e+000
  0.0000000e+000
  0.0000000e+000
  0.0000000e+000
  0.0000000e+000
  0.0000000e+000
  0.0000000e+000
  0.0000000e+000
  0.0000000e+000
  0.0000000e+000
  0.0000000e+000
  0.0000000e+000
  0.0000000e+000
  0.0000000e+000
  0.0000000e+000
  0.0000000e+000
  0.0000000e+000
  0.0000000e+000
  1.1600000e+002
  1.1900000e+002
  1.2100000e+002
  1.1400000e+002
  1.0900000e+002
  1.2300000e+002
  1.2200000e+002
  1.1000000e+002
  1.1900000e+002
  1.1600000e+002
  1.2200000e+002
  1.1400000e+002
  1.0400000e+002
  0.0000000e+000
  0.0000000e+000
  0.0000000e+000
  0.0000000e+000
  0.0000000e+000
  0.0000000e+000
  0.0000000e+000
  0.0000000e+000
  0.0000000e+000
  0.0000000e+000
