  0.0000000e+000
  0.0000000e+000
  0.0000000e+000
  0.0000000e+000
  0.0000000e+000
  0.0000000e+000
  0.0000000e+000
  0.0000000e+000
  0.0000000e+000
  0.0000000e+000
  0.0000000e+000
  0.0000000e+000
  0.0000000e+000
  0.0000000e+000
  0.0000000e+000
  0.0000000e+000
  0.0000000e+000
  0.0000000e+000
  0.0000000e+000
  0.0000000e+000
  0.0000000e+000
  0.0000000e+000
  0.0000000e+000
  0.0000000e+000
  0.0000000e+000
  0.0000000e+000
  0.0000000e+000
  0.0000000e+000
  0.0000000e+000
  0.0000000e+000
  0.0000000e+000
  0.0000000e+000
  0.0000000e+000
  0.0000000e+000
  0.0000000e+000
  0.0000000e+000
  0.0000000e+000
  0.0000000e+000
  0.0000000e+000
  0.0000000e+000
  0.0000000e+000
  0.0000000e+000
  0.0000000e+000
  0.0000000e+000
  0.0000000e+000
  0.0000000e+000
  0.0000000e+000
  0.0000000e+000
  0.0000000e+000
  0.0000000e+000
  0.0000000e+000
  0.0000000e+000
  0.0000000e+000
  0.0000000e+000
  0.0000000e+000
  0.0000000e+000
  0.0000000e+000
  0.0000000e+000
  0.0000000e+000
  0.0000000e+000
  0.0000000e+000
  0.0000000e+000
  0.0000000e+000
  0.0000000e+000
  0.0000000e+000
  0.0000000e+000
  0.0000000e+000
  0.0000000e+000
  0.0000000e+000
  0.0000000e+000
  0.0000000e+000
  2.5900000e+002
  2.6400000e+002
  2.8200000e+002
  2.9500000e+002
  3.0200000e+002
  3.0600000e+002
  3.0700000e+002
  2.7300000e+002
  2.3400000e+002
  1.8300000e+002
  1.8400000e+002
  0.0000000e+000
  0.0000000e+000
  0.0000000e+000
  0.0000000e+000
  0.0000000e+000
  0.0000000e+000
  0.0000000e+000
  0.0000000e+000
  2.9100000e+002
  3.1500000e+002
  3.2300000e+002
  3.2600000e+002
  3.3000000e+002
  3.3600000e+002
  3.4100000e+002
  3.2700000e+002
  2.7900000e+002
  2.6300000e+002
  0.0000000e+000
  0.0000000e+000
  0.0000000e+000
  0.0000000e+000
  0.0000000e+000
  0.0000000e+000
  0.0000000e+000
  0.0000000e+000
  0.0000000e+000
  0.0000000e+000
  0.0000000e+000
  0.0000000e+000
  0.0000000e+000
  0.0000000e+000
  0.0000000e+000
  3.5400000e+002
  3.1300000e+002
  3.1200000e+002
  3.1100000e+002
  3.1600000e+002
  3.2200000e+002
  3.3700000e+002
  3.3500000e+002
  3.3500000e+002
  3.0100000e+002
  0.0000000e+000
  0.0000000e+000
  0.0000000e+000
  0.0000000e+000
  0.0000000e+000
  3.4700000e+002
  3.5300000e+002
  3.5600000e+002
  3.4100000e+002
  3.2400000e+002
  3.0400000e+002
  2.7400000e+002
  2.5700000e+002
  2.3900000e+002
  2.6300000e+002
  3.2500000e+002
  3.2300000e+002
  3.3200000e+002
  3.3200000e+002
  3.2400000e+002
  2.9200000e+002
  2.5500000e+002
  2.3900000e+002
  2.6800000e+002
  2.6100000e+002
  2.6300000e+002
  2.7200000e+002
  0.0000000e+000
  0.0000000e+000
  0.0000000e+000
  0.0000000e+000
  0.0000000e+000
  0.0000000e+000
  0.0000000e+000
  3.0000000e+002
  3.1100000e+002
  3.1600000e+002
  3.2100000e+002
  3.2700000e+002
  3.2900000e+002
  3.3000000e+002
  3.3400000e+002
  3.3400000e+002
  3.2300000e+002
  3.0900000e+002
  2.9800000e+002
  2.8700000e+002
  2.8200000e+002
  3.0200000e+002
  2.7800000e+002
  2.5500000e+002
  0.0000000e+000
  0.0000000e+000
  0.0000000e+000
  0.0000000e+000
  0.0000000e+000
  0.0000000e+000
  3.3100000e+002
  3.2000000e+002
  3.2000000e+002
  3.1800000e+002
  3.0100000e+002
  3.2100000e+002
  3.1200000e+002
  3.1500000e+002
  3.1600000e+002
  3.2300000e+002
  3.2400000e+002
  3.2200000e+002
  3.1900000e+002
  3.1200000e+002
  2.9800000e+002
  2.6300000e+002
  2.4400000e+002
  2.3500000e+002
  2.5800000e+002
  0.0000000e+000
  0.0000000e+000
  0.0000000e+000
  2.9100000e+002
  2.7900000e+002
  2.5400000e+002
  2.4000000e+002
  2.4700000e+002
  2.6200000e+002
  2.6400000e+002
  2.6900000e+002
  2.7600000e+002
  2.8500000e+002
  3.0700000e+002
  3.0600000e+002
  3.0700000e+002
  3.0800000e+002
  3.1100000e+002
  3.1300000e+002
  3.1300000e+002
  3.1200000e+002
  3.1200000e+002
  3.1500000e+002
  3.1600000e+002
  3.1600000e+002
  3.1700000e+002
  3.1600000e+002
  3.1600000e+002
  3.1600000e+002
  3.2000000e+002
  3.2000000e+002
  3.1100000e+002
  2.8900000e+002
  2.3200000e+002
  2.5700000e+002
  2.9800000e+002
  2.9600000e+002
  2.7600000e+002
  2.5700000e+002
  0.0000000e+000
  0.0000000e+000
  3.2200000e+002
  2.9800000e+002
  2.9500000e+002
  2.9500000e+002
  2.9300000e+002
  2.7900000e+002
  2.6400000e+002
  2.5400000e+002
  2.5400000e+002
  2.4400000e+002
  2.7000000e+002
  3.0200000e+002
  3.1200000e+002
  3.0300000e+002
  3.0800000e+002
  3.0300000e+002
  2.9600000e+002
  2.8600000e+002
  2.7800000e+002
  2.6600000e+002
  2.6000000e+002
  2.4900000e+002
  2.9100000e+002
  2.7800000e+002
  2.7500000e+002
  2.7400000e+002
  2.6500000e+002
  2.5700000e+002
  2.6900000e+002
  2.5100000e+002
  2.9400000e+002
  3.0500000e+002
  3.1400000e+002
  3.1500000e+002
  3.2000000e+002
  3.2800000e+002
  3.2500000e+002
  3.2400000e+002
  3.2000000e+002
  2.9800000e+002
  2.7400000e+002
  2.8500000e+002
  0.0000000e+000
  0.0000000e+000
  0.0000000e+000
  0.0000000e+000
  0.0000000e+000
  0.0000000e+000
  0.0000000e+000
  0.0000000e+000
  3.4300000e+002
  3.3700000e+002
  3.3700000e+002
  3.2700000e+002
  3.2300000e+002
  3.2700000e+002
  3.2600000e+002
  3.2400000e+002
  3.0900000e+002
  3.0100000e+002
  2.8200000e+002
  2.6600000e+002
  0.0000000e+000
  0.0000000e+000
  0.0000000e+000
  0.0000000e+000
  0.0000000e+000
  0.0000000e+000
  0.0000000e+000
  0.0000000e+000
  0.0000000e+000
  0.0000000e+000
  2.9100000e+002
  2.9400000e+002
  2.9300000e+002
  2.9000000e+002
  2.8600000e+002
  2.8700000e+002
  2.9000000e+002
  2.9200000e+002
  2.9200000e+002
  2.9300000e+002
  2.9200000e+002
  2.9900000e+002
  3.0100000e+002
  3.0300000e+002
  3.0300000e+002
  2.9900000e+002
  2.8900000e+002
  2.5600000e+002
  2.3900000e+002
  2.3600000e+002
  2.4100000e+002
  0.0000000e+000
  0.0000000e+000
  0.0000000e+000
  0.0000000e+000
  0.0000000e+000
  2.5700000e+002
  2.6700000e+002
  2.6500000e+002
  2.6300000e+002
  2.6500000e+002
  2.6900000e+002
  2.8100000e+002
  2.9700000e+002
  3.0200000e+002
  3.0600000e+002
  3.1100000e+002
  3.1300000e+002
  3.1100000e+002
  3.1000000e+002
  3.0400000e+002
  2.8600000e+002
  2.7900000e+002
  2.7800000e+002
  2.9200000e+002
  2.1400000e+002
  2.2100000e+002
  1.8400000e+002
  2.3500000e+002
  2.4900000e+002
  2.4000000e+002
  2.2800000e+002
  2.2100000e+002
  2.2700000e+002
  0.0000000e+000
  0.0000000e+000
  0.0000000e+000
  2.9700000e+002
  2.8600000e+002
  2.9600000e+002
  2.9800000e+002
  2.9600000e+002
  2.9600000e+002
  3.0200000e+002
  3.0200000e+002
  3.0400000e+002
  3.0500000e+002
  3.0600000e+002
  3.0800000e+002
  3.1000000e+002
  3.1000000e+002
  3.0400000e+002
  2.9600000e+002
  2.8000000e+002
  2.7300000e+002
  0.0000000e+000
  0.0000000e+000
  0.0000000e+000
  0.0000000e+000
  0.0000000e+000
  0.0000000e+000
  0.0000000e+000
  0.0000000e+000
  0.0000000e+000
  0.0000000e+000
  0.0000000e+000
  0.0000000e+000
  0.0000000e+000
  0.0000000e+000
  0.0000000e+000
  0.0000000e+000
  0.0000000e+000
  0.0000000e+000
  3.6100000e+002
  3.4500000e+002
  3.4500000e+002
  3.4800000e+002
  3.5100000e+002
  3.5400000e+002
  3.5600000e+002
  3.5000000e+002
  3.4000000e+002
  3.2800000e+002
  3.1300000e+002
  2.9600000e+002
  2.7700000e+002
  2.5500000e+002
  2.1900000e+002
  1.9900000e+002
  1.8300000e+002
  1.6700000e+002
  1.5400000e+002
  1.4500000e+002
  1.4200000e+002
  1.4500000e+002
  1.5400000e+002
  1.7900000e+002
  1.8700000e+002
  2.0700000e+002
  2.2100000e+002
  2.4200000e+002
  2.6000000e+002
  2.7200000e+002
  2.7200000e+002
  2.9400000e+002
  3.1000000e+002
  3.1200000e+002
  3.1300000e+002
  3.0300000e+002
  3.0300000e+002
  3.0700000e+002
  2.9900000e+002
  3.0000000e+002
  2.8700000e+002
  2.8300000e+002
  2.8300000e+002
  2.9900000e+002
  3.1000000e+002
  0.0000000e+000
  0.0000000e+000
  0.0000000e+000
  0.0000000e+000
  0.0000000e+000
  0.0000000e+000
  0.0000000e+000
  0.0000000e+000
  0.0000000e+000
  0.0000000e+000
  0.0000000e+000
  0.0000000e+000
  0.0000000e+000
  0.0000000e+000
  0.0000000e+000
  0.0000000e+000
  0.0000000e+000
  0.0000000e+000
  0.0000000e+000
  0.0000000e+000
  0.0000000e+000
  0.0000000e+000
  0.0000000e+000
  0.0000000e+000
  0.0000000e+000
  0.0000000e+000
  6.8000000e+001
  6.8000000e+001
  8.7000000e+001
  8.7000000e+001
  6.7000000e+001
  6.7000000e+001
  6.8000000e+001
  6.6000000e+001
  5.7000000e+001
  5.7000000e+001
  5.7000000e+001
  6.6000000e+001
  5.7000000e+001
  1.1400000e+002
  1.0500000e+002
  1.1100000e+002
  1.1600000e+002
  1.1200000e+002
  1.0500000e+002
  1.1400000e+002
  1.1800000e+002
  1.1700000e+002
  6.7000000e+001
  6.8000000e+001
  5.6000000e+001
  5.7000000e+001
  5.7000000e+001
  6.8000000e+001
  8.6000000e+001
  8.9000000e+001
  7.7000000e+001
  8.2000000e+001
  9.0000000e+001
  9.1000000e+001
  1.0100000e+002
  8.8000000e+001
  9.3000000e+001
  1.1000000e+002
  1.1400000e+002
  1.0300000e+002
  9.2000000e+001
