  0.0000000e+000
  0.0000000e+000
  0.0000000e+000
  0.0000000e+000
  0.0000000e+000
  0.0000000e+000
  0.0000000e+000
  0.0000000e+000
  0.0000000e+000
  0.0000000e+000
  0.0000000e+000
  0.0000000e+000
  0.0000000e+000
  0.0000000e+000
  0.0000000e+000
  0.0000000e+000
  0.0000000e+000
  0.0000000e+000
  0.0000000e+000
  0.0000000e+000
  0.0000000e+000
  0.0000000e+000
  0.0000000e+000
  0.0000000e+000
  0.0000000e+000
  0.0000000e+000
  0.0000000e+000
  0.0000000e+000
  0.0000000e+000
  0.0000000e+000
  0.0000000e+000
  0.0000000e+000
  0.0000000e+000
  0.0000000e+000
  0.0000000e+000
  0.0000000e+000
  0.0000000e+000
  0.0000000e+000
  0.0000000e+000
  0.0000000e+000
  0.0000000e+000
  0.0000000e+000
  0.0000000e+000
  0.0000000e+000
  0.0000000e+000
  0.0000000e+000
  0.0000000e+000
  0.0000000e+000
  0.0000000e+000
  0.0000000e+000
  0.0000000e+000
  0.0000000e+000
  0.0000000e+000
  0.0000000e+000
  0.0000000e+000
  0.0000000e+000
  0.0000000e+000
  0.0000000e+000
  0.0000000e+000
  0.0000000e+000
  0.0000000e+000
  0.0000000e+000
  0.0000000e+000
  0.0000000e+000
  0.0000000e+000
  0.0000000e+000
  0.0000000e+000
  0.0000000e+000
  0.0000000e+000
  0.0000000e+000
  0.0000000e+000
  0.0000000e+000
  2.0500000e+002
  1.8500000e+002
  1.8300000e+002
  2.0900000e+002
  2.3500000e+002
  2.6400000e+002
  2.8400000e+002
  3.0100000e+002
  2.7900000e+002
  2.8200000e+002
  2.8900000e+002
  2.9000000e+002
  2.8800000e+002
  3.0100000e+002
  3.1700000e+002
  3.2700000e+002
  3.2200000e+002
  3.1800000e+002
  3.2200000e+002
  3.2600000e+002
  3.2600000e+002
  3.1800000e+002
  2.9300000e+002
  2.7300000e+002
  2.5700000e+002
  2.5800000e+002
  2.8300000e+002
  2.7100000e+002
  0.0000000e+000
  0.0000000e+000
  0.0000000e+000
  0.0000000e+000
  0.0000000e+000
  0.0000000e+000
  3.1000000e+002
  3.1100000e+002
  3.2200000e+002
  3.2700000e+002
  3.2900000e+002
  3.3100000e+002
  3.2800000e+002
  3.2400000e+002
  3.2000000e+002
  3.1900000e+002
  3.1900000e+002
  3.1800000e+002
  3.1700000e+002
  3.1200000e+002
  3.0500000e+002
  2.8400000e+002
  2.8100000e+002
  2.7400000e+002
  2.6500000e+002
  2.5500000e+002
  2.4400000e+002
  2.4900000e+002
  2.3800000e+002
  2.2200000e+002
  2.1200000e+002
  2.0100000e+002
  1.9000000e+002
  1.7800000e+002
  1.7100000e+002
  1.6400000e+002
  1.5500000e+002
  1.5200000e+002
  1.4500000e+002
  1.3800000e+002
  1.3300000e+002
  1.2800000e+002
  1.2500000e+002
  1.2100000e+002
  1.1800000e+002
  1.1500000e+002
  1.1700000e+002
  1.1800000e+002
  1.2100000e+002
  1.2800000e+002
  1.3900000e+002
  1.4600000e+002
  1.5200000e+002
  1.5500000e+002
  1.5300000e+002
  1.5400000e+002
  1.5400000e+002
  1.5600000e+002
  1.6000000e+002
  1.6600000e+002
  1.7100000e+002
  1.8200000e+002
  1.9500000e+002
  2.0900000e+002
  2.2500000e+002
  2.3600000e+002
  2.4800000e+002
  2.5700000e+002
  2.7000000e+002
  2.8100000e+002
  2.9500000e+002
  3.1000000e+002
  3.2200000e+002
  3.3700000e+002
  3.4500000e+002
  3.5700000e+002
  3.7000000e+002
  3.7800000e+002
  3.8100000e+002
  3.8500000e+002
  3.8800000e+002
  3.8800000e+002
  3.8100000e+002
  3.7400000e+002
  3.6800000e+002
  3.6500000e+002
  3.6000000e+002
  3.5600000e+002
  3.5100000e+002
  3.4400000e+002
  3.3000000e+002
  3.1900000e+002
  3.0900000e+002
  2.9100000e+002
  2.7700000e+002
  2.6200000e+002
  2.4100000e+002
  1.0700000e+002
  1.1700000e+002
  1.1400000e+002
  1.2600000e+002
  1.3700000e+002
  1.2200000e+002
  1.1900000e+002
  1.2100000e+002
  1.0400000e+002
  1.1000000e+002
  1.0900000e+002
  1.0900000e+002
  1.0900000e+002
  0.0000000e+000
  0.0000000e+000
  0.0000000e+000
  0.0000000e+000
  0.0000000e+000
  0.0000000e+000
  0.0000000e+000
  0.0000000e+000
  0.0000000e+000
  0.0000000e+000
  0.0000000e+000
  0.0000000e+000
  0.0000000e+000
  0.0000000e+000
  0.0000000e+000
  0.0000000e+000
  0.0000000e+000
  1.4000000e+002
  1.3500000e+002
  1.4700000e+002
  1.6300000e+002
  1.3400000e+002
  1.1100000e+002
  8.3000000e+001
  1.0400000e+002
  1.0500000e+002
  1.2300000e+002
  1.0300000e+002
  1.2400000e+002
  1.2700000e+002
  1.2500000e+002
  1.1100000e+002
  1.0400000e+002
  1.0200000e+002
  8.9000000e+001
  9.1000000e+001
  1.0700000e+002
  1.0600000e+002
  7.8000000e+001
  9.1000000e+001
  7.3000000e+001
  8.8000000e+001
  1.0200000e+002
  1.0600000e+002
  9.5000000e+001
  1.3700000e+002
  1.1100000e+002
  1.1900000e+002
  1.0900000e+002
  1.1200000e+002
  1.1900000e+002
