  1.2400000e+002
  1.2400000e+002
  0.0000000e+000
  0.0000000e+000
  0.0000000e+000
  0.0000000e+000
  0.0000000e+000
  0.0000000e+000
  0.0000000e+000
  0.0000000e+000
  0.0000000e+000
  0.0000000e+000
  0.0000000e+000
  0.0000000e+000
  0.0000000e+000
  0.0000000e+000
  0.0000000e+000
  0.0000000e+000
  0.0000000e+000
  0.0000000e+000
  0.0000000e+000
  0.0000000e+000
  0.0000000e+000
  0.0000000e+000
  0.0000000e+000
  0.0000000e+000
  0.0000000e+000
  0.0000000e+000
  0.0000000e+000
  0.0000000e+000
  0.0000000e+000
  0.0000000e+000
  0.0000000e+000
  0.0000000e+000
  0.0000000e+000
  0.0000000e+000
  0.0000000e+000
  0.0000000e+000
  0.0000000e+000
  0.0000000e+000
  0.0000000e+000
  0.0000000e+000
  0.0000000e+000
  0.0000000e+000
  0.0000000e+000
  0.0000000e+000
  0.0000000e+000
  0.0000000e+000
  0.0000000e+000
  0.0000000e+000
  0.0000000e+000
  0.0000000e+000
  0.0000000e+000
  0.0000000e+000
  0.0000000e+000
  2.0900000e+002
  2.1900000e+002
  2.3700000e+002
  2.4500000e+002
  2.4300000e+002
  2.3300000e+002
  2.1100000e+002
  1.8900000e+002
  0.0000000e+000
  0.0000000e+000
  0.0000000e+000
  0.0000000e+000
  0.0000000e+000
  0.0000000e+000
  0.0000000e+000
  0.0000000e+000
  0.0000000e+000
  0.0000000e+000
  0.0000000e+000
  0.0000000e+000
  0.0000000e+000
  0.0000000e+000
  0.0000000e+000
  0.0000000e+000
  0.0000000e+000
  0.0000000e+000
  0.0000000e+000
  0.0000000e+000
  2.5500000e+002
  2.6700000e+002
  2.8400000e+002
  2.8900000e+002
  2.9100000e+002
  2.8800000e+002
  2.8200000e+002
  2.8500000e+002
  2.9100000e+002
  2.9800000e+002
  3.1300000e+002
  3.2800000e+002
  3.4000000e+002
  3.4500000e+002
  3.4200000e+002
  3.3600000e+002
  3.2700000e+002
  3.1600000e+002
  3.0400000e+002
  2.9100000e+002
  2.6700000e+002
  2.1000000e+002
  1.9200000e+002
  1.7700000e+002
  1.8200000e+002
  1.9000000e+002
  1.7600000e+002
  1.6700000e+002
  1.5600000e+002
  1.4300000e+002
  1.4100000e+002
  1.3800000e+002
  1.3800000e+002
  1.2600000e+002
  0.0000000e+000
  0.0000000e+000
  0.0000000e+000
  0.0000000e+000
  0.0000000e+000
  0.0000000e+000
  0.0000000e+000
  0.0000000e+000
  0.0000000e+000
  0.0000000e+000
  0.0000000e+000
  2.1700000e+002
  1.9300000e+002
  1.7800000e+002
  1.8000000e+002
  1.8200000e+002
  1.8900000e+002
  1.9600000e+002
  2.0400000e+002
  2.1700000e+002
  2.3100000e+002
  2.3600000e+002
  2.4400000e+002
  2.6600000e+002
  2.6000000e+002
  1.8000000e+002
  1.8300000e+002
  2.3900000e+002
  2.3900000e+002
  0.0000000e+000
  0.0000000e+000
  2.3900000e+002
  2.3800000e+002
  2.3200000e+002
  2.2100000e+002
  2.1100000e+002
  2.0200000e+002
  1.9100000e+002
  1.8100000e+002
  1.5200000e+002
  1.4100000e+002
  1.3800000e+002
  1.5000000e+002
  1.6700000e+002
  1.8400000e+002
  2.1000000e+002
  2.2400000e+002
  2.4000000e+002
  2.4100000e+002
  2.3800000e+002
  2.2200000e+002
  1.9500000e+002
  1.9800000e+002
  2.3300000e+002
  2.2100000e+002
  2.2600000e+002
  0.0000000e+000
  0.0000000e+000
  0.0000000e+000
  2.8900000e+002
  2.6600000e+002
  2.3900000e+002
  4.0100000e+002
  3.5200000e+002
  3.6200000e+002
  3.4900000e+002
  3.5600000e+002
  3.7300000e+002
  3.3300000e+002
  1.6900000e+002
  2.2300000e+002
  2.3900000e+002
  2.4600000e+002
  2.4200000e+002
  2.4100000e+002
  2.3700000e+002
  2.3700000e+002
  2.4000000e+002
  1.8900000e+002
  1.9700000e+002
  1.8100000e+002
  1.7300000e+002
  1.6000000e+002
  1.5400000e+002
  1.6600000e+002
  0.0000000e+000
  0.0000000e+000
  0.0000000e+000
  0.0000000e+000
  0.0000000e+000
  0.0000000e+000
  1.9800000e+002
  2.1500000e+002
  2.2800000e+002
  2.4900000e+002
  2.7200000e+002
  2.8200000e+002
  2.8800000e+002
  2.9500000e+002
  3.0500000e+002
  3.1100000e+002
  3.1700000e+002
  3.3300000e+002
  3.3800000e+002
  3.5000000e+002
  3.5100000e+002
  3.4400000e+002
  3.2800000e+002
  2.9500000e+002
  2.7900000e+002
  2.5200000e+002
  2.2900000e+002
  1.9600000e+002
  8.6000000e+001
  8.7000000e+001
  8.7000000e+001
  8.6000000e+001
  0.0000000e+000
  0.0000000e+000
  0.0000000e+000
  0.0000000e+000
  0.0000000e+000
  2.5100000e+002
  2.3200000e+002
  2.1700000e+002
  1.9800000e+002
  1.7900000e+002
  1.6200000e+002
  1.5100000e+002
  1.4200000e+002
  1.3500000e+002
  1.2800000e+002
  1.1900000e+002
  1.0800000e+002
  1.1400000e+002
  1.1100000e+002
  1.1200000e+002
  1.1200000e+002
  1.0800000e+002
  1.0700000e+002
  1.0500000e+002
  1.0500000e+002
  1.0900000e+002
  1.0500000e+002
  1.0200000e+002
  1.0100000e+002
  1.0500000e+002
  1.0400000e+002
  9.0000000e+001
  1.0100000e+002
  9.3000000e+001
  1.0200000e+002
  1.0000000e+002
  1.1000000e+002
  1.1500000e+002
  0.0000000e+000
  0.0000000e+000
  0.0000000e+000
  0.0000000e+000
  0.0000000e+000
  0.0000000e+000
  0.0000000e+000
  0.0000000e+000
  0.0000000e+000
  0.0000000e+000
  0.0000000e+000
  0.0000000e+000
  0.0000000e+000
  0.0000000e+000
  0.0000000e+000
  0.0000000e+000
  0.0000000e+000
  0.0000000e+000
  0.0000000e+000
  0.0000000e+000
