  1.2900000e+002
  1.1500000e+002
  1.2400000e+002
  1.2900000e+002
  1.2200000e+002
  1.2700000e+002
  1.1200000e+002
  1.3500000e+002
  1.1800000e+002
  1.2100000e+002
  1.2900000e+002
  1.3400000e+002
  1.1200000e+002
  1.2000000e+002
  1.1700000e+002
  1.2500000e+002
  1.2100000e+002
  0.0000000e+000
  0.0000000e+000
  0.0000000e+000
  0.0000000e+000
  0.0000000e+000
  0.0000000e+000
  0.0000000e+000
  0.0000000e+000
  0.0000000e+000
  0.0000000e+000
  0.0000000e+000
  0.0000000e+000
  0.0000000e+000
  0.0000000e+000
  0.0000000e+000
  0.0000000e+000
  0.0000000e+000
  0.0000000e+000
  0.0000000e+000
  0.0000000e+000
  0.0000000e+000
  0.0000000e+000
  0.0000000e+000
  0.0000000e+000
  0.0000000e+000
  0.0000000e+000
  0.0000000e+000
  0.0000000e+000
  0.0000000e+000
  0.0000000e+000
  0.0000000e+000
  0.0000000e+000
  0.0000000e+000
  0.0000000e+000
  0.0000000e+000
  0.0000000e+000
  0.0000000e+000
  0.0000000e+000
  0.0000000e+000
  0.0000000e+000
  0.0000000e+000
  0.0000000e+000
  0.0000000e+000
  0.0000000e+000
  0.0000000e+000
  0.0000000e+000
  0.0000000e+000
  0.0000000e+000
  0.0000000e+000
  0.0000000e+000
  0.0000000e+000
  0.0000000e+000
  0.0000000e+000
  0.0000000e+000
  0.0000000e+000
  1.9900000e+002
  2.0200000e+002
  2.0700000e+002
  1.8600000e+002
  1.7800000e+002
  1.6600000e+002
  1.5600000e+002
  1.5200000e+002
  1.4300000e+002
  1.4300000e+002
  1.5700000e+002
  1.8200000e+002
  1.7500000e+002
  1.7700000e+002
  0.0000000e+000
  0.0000000e+000
  2.2800000e+002
  2.3500000e+002
  2.4600000e+002
  2.5700000e+002
  2.7400000e+002
  2.9300000e+002
  3.1100000e+002
  3.2600000e+002
  3.3400000e+002
  3.4000000e+002
  3.4300000e+002
  3.4100000e+002
  3.3600000e+002
  3.3400000e+002
  3.0400000e+002
  3.0600000e+002
  3.2700000e+002
  3.3800000e+002
  3.5400000e+002
  3.3300000e+002
  3.3700000e+002
  3.5100000e+002
  0.0000000e+000
  0.0000000e+000
  0.0000000e+000
  2.3900000e+002
  2.0000000e+002
  1.8900000e+002
  1.7500000e+002
  1.6700000e+002
  1.5000000e+002
  1.5000000e+002
  1.4400000e+002
  1.4200000e+002
  1.4100000e+002
  1.4000000e+002
  1.3900000e+002
  1.4100000e+002
  1.4300000e+002
  1.4700000e+002
  1.4800000e+002
  1.5700000e+002
  1.5900000e+002
  1.5300000e+002
  1.3200000e+002
  1.3600000e+002
  0.0000000e+000
  0.0000000e+000
  0.0000000e+000
  0.0000000e+000
  2.5400000e+002
  2.4400000e+002
  2.6000000e+002
  2.7400000e+002
  2.8000000e+002
  2.7900000e+002
  2.8000000e+002
  2.9300000e+002
  3.0700000e+002
  3.2500000e+002
  3.3800000e+002
  3.3800000e+002
  3.3500000e+002
  3.2400000e+002
  3.2400000e+002
  2.8900000e+002
  2.8700000e+002
  2.8700000e+002
  2.7400000e+002
  2.6100000e+002
  2.3900000e+002
  2.2600000e+002
  2.1100000e+002
  1.9300000e+002
  1.7300000e+002
  1.6800000e+002
  1.6000000e+002
  1.5000000e+002
  1.4600000e+002
  1.4600000e+002
  1.5100000e+002
  1.5400000e+002
  1.5500000e+002
  1.5600000e+002
  1.6000000e+002
  1.6500000e+002
  9.3000000e+001
  8.8000000e+001
  9.0000000e+001
  8.8000000e+001
  9.2000000e+001
  9.2000000e+001
  9.8000000e+001
  8.9000000e+001
  9.0000000e+001
  9.1000000e+001
  1.1300000e+002
  1.1400000e+002
  0.0000000e+000
  0.0000000e+000
  2.3700000e+002
  2.4900000e+002
  2.6200000e+002
  2.6700000e+002
  2.6800000e+002
  2.7000000e+002
  2.7300000e+002
  2.7600000e+002
  2.7700000e+002
  2.7800000e+002
  2.7800000e+002
  2.8300000e+002
  2.9400000e+002
  3.0800000e+002
  3.1500000e+002
  3.1900000e+002
  3.2600000e+002
  3.4800000e+002
  3.4800000e+002
  3.8100000e+002
  3.8100000e+002
  3.7400000e+002
  3.6800000e+002
  3.6000000e+002
  3.5200000e+002
  3.4400000e+002
  3.3400000e+002
  3.2100000e+002
  3.1400000e+002
  3.0200000e+002
  2.9000000e+002
  2.9500000e+002
  0.0000000e+000
  0.0000000e+000
  0.0000000e+000
  0.0000000e+000
  0.0000000e+000
  0.0000000e+000
  0.0000000e+000
  0.0000000e+000
  0.0000000e+000
  0.0000000e+000
  0.0000000e+000
  2.5700000e+002
  2.2000000e+002
  2.0500000e+002
  1.9700000e+002
  1.7500000e+002
  1.6500000e+002
  1.5000000e+002
  1.3900000e+002
  1.3100000e+002
  1.2500000e+002
  1.1800000e+002
  1.0600000e+002
  1.1600000e+002
  1.1200000e+002
  1.0900000e+002
  1.1000000e+002
  1.0900000e+002
  1.0900000e+002
  1.1400000e+002
  1.2500000e+002
  1.4700000e+002
  1.5200000e+002
  1.3500000e+002
  1.5000000e+002
  0.0000000e+000
  0.0000000e+000
  0.0000000e+000
  0.0000000e+000
  0.0000000e+000
  0.0000000e+000
  0.0000000e+000
  0.0000000e+000
  0.0000000e+000
  0.0000000e+000
  0.0000000e+000
  0.0000000e+000
  0.0000000e+000
  0.0000000e+000
  0.0000000e+000
  0.0000000e+000
  0.0000000e+000
  0.0000000e+000
  0.0000000e+000
  0.0000000e+000
  0.0000000e+000
  1.0300000e+002
  1.1300000e+002
  1.2700000e+002
  1.1600000e+002
  1.1700000e+002
  1.0900000e+002
  1.1200000e+002
  1.1200000e+002
  1.0900000e+002
