  0.0000000e+000
  0.0000000e+000
  0.0000000e+000
  0.0000000e+000
  0.0000000e+000
  0.0000000e+000
  0.0000000e+000
  0.0000000e+000
  0.0000000e+000
  0.0000000e+000
  0.0000000e+000
  0.0000000e+000
  0.0000000e+000
  0.0000000e+000
  0.0000000e+000
  0.0000000e+000
  0.0000000e+000
  0.0000000e+000
  0.0000000e+000
  0.0000000e+000
  0.0000000e+000
  0.0000000e+000
  0.0000000e+000
  0.0000000e+000
  0.0000000e+000
  0.0000000e+000
  0.0000000e+000
  0.0000000e+000
  0.0000000e+000
  0.0000000e+000
  0.0000000e+000
  0.0000000e+000
  0.0000000e+000
  0.0000000e+000
  0.0000000e+000
  0.0000000e+000
  0.0000000e+000
  0.0000000e+000
  0.0000000e+000
  0.0000000e+000
  0.0000000e+000
  0.0000000e+000
  2.2400000e+002
  2.2900000e+002
  2.3100000e+002
  2.3000000e+002
  2.2400000e+002
  1.9300000e+002
  2.0100000e+002
  4.2800000e+002
  4.4500000e+002
  4.9400000e+002
  4.4500000e+002
  4.6100000e+002
  4.5800000e+002
  4.5400000e+002
  0.0000000e+000
  0.0000000e+000
  0.0000000e+000
  0.0000000e+000
  0.0000000e+000
  0.0000000e+000
  2.7000000e+002
  2.7800000e+002
  2.9300000e+002
  2.9700000e+002
  3.0100000e+002
  3.1300000e+002
  3.2100000e+002
  3.2800000e+002
  3.3700000e+002
  3.4800000e+002
  3.5700000e+002
  3.6500000e+002
  3.6400000e+002
  3.5500000e+002
  3.4400000e+002
  3.2700000e+002
  2.9400000e+002
  2.6400000e+002
  2.6500000e+002
  0.0000000e+000
  0.0000000e+000
  0.0000000e+000
  0.0000000e+000
  0.0000000e+000
  2.6600000e+002
  2.6600000e+002
  2.5500000e+002
  2.3900000e+002
  2.0500000e+002
  1.9600000e+002
  1.7800000e+002
  1.3600000e+002
  1.2700000e+002
  1.2300000e+002
  0.0000000e+000
  0.0000000e+000
  0.0000000e+000
  0.0000000e+000
  0.0000000e+000
  0.0000000e+000
  0.0000000e+000
  0.0000000e+000
  2.2900000e+002
  2.3400000e+002
  2.6000000e+002
  2.8100000e+002
  2.9800000e+002
  3.1000000e+002
  3.1900000e+002
  3.2700000e+002
  3.2700000e+002
  3.0800000e+002
  2.8900000e+002
  0.0000000e+000
  0.0000000e+000
  0.0000000e+000
  0.0000000e+000
  0.0000000e+000
  0.0000000e+000
  0.0000000e+000
  0.0000000e+000
  0.0000000e+000
  0.0000000e+000
  0.0000000e+000
  0.0000000e+000
  0.0000000e+000
  2.3400000e+002
  2.1600000e+002
  2.0400000e+002
  1.7700000e+002
  1.6400000e+002
  1.4500000e+002
  1.4100000e+002
  1.3600000e+002
  1.3300000e+002
  1.3000000e+002
  1.3800000e+002
  1.3800000e+002
  1.4100000e+002
  1.4700000e+002
  1.5600000e+002
  1.6100000e+002
  1.7200000e+002
  0.0000000e+000
  0.0000000e+000
  0.0000000e+000
  0.0000000e+000
  0.0000000e+000
  0.0000000e+000
  0.0000000e+000
  0.0000000e+000
  0.0000000e+000
  0.0000000e+000
  0.0000000e+000
  0.0000000e+000
  0.0000000e+000
  0.0000000e+000
  0.0000000e+000
  0.0000000e+000
  0.0000000e+000
  2.3900000e+002
  2.2100000e+002
  2.2600000e+002
  2.6600000e+002
  2.8000000e+002
  2.8700000e+002
  2.9500000e+002
  3.0500000e+002
  3.1400000e+002
  3.2700000e+002
  3.3500000e+002
  3.3700000e+002
  3.4400000e+002
  3.4600000e+002
  3.4200000e+002
  3.3200000e+002
  3.0600000e+002
  2.6600000e+002
  2.5100000e+002
  2.6200000e+002
  2.7100000e+002
  0.0000000e+000
  0.0000000e+000
  0.0000000e+000
  0.0000000e+000
  0.0000000e+000
  0.0000000e+000
  0.0000000e+000
  0.0000000e+000
  1.8500000e+002
  1.7600000e+002
  1.6300000e+002
  1.6500000e+002
  1.5800000e+002
  1.5200000e+002
  1.5100000e+002
  1.6300000e+002
  1.4900000e+002
  1.5000000e+002
  1.5000000e+002
  1.4700000e+002
  1.3900000e+002
  1.5000000e+002
  6.9000000e+001
  7.2000000e+001
  7.0000000e+001
  7.2000000e+001
  0.0000000e+000
  0.0000000e+000
  0.0000000e+000
  0.0000000e+000
  0.0000000e+000
  0.0000000e+000
  0.0000000e+000
  0.0000000e+000
  0.0000000e+000
  0.0000000e+000
  0.0000000e+000
  0.0000000e+000
  0.0000000e+000
  0.0000000e+000
  0.0000000e+000
  0.0000000e+000
  0.0000000e+000
  0.0000000e+000
  2.9400000e+002
  2.6800000e+002
  2.6000000e+002
  2.6600000e+002
  2.7000000e+002
  2.7400000e+002
  2.8400000e+002
  2.9400000e+002
  2.9400000e+002
  3.1300000e+002
  3.2100000e+002
  3.1300000e+002
  2.9600000e+002
  2.8200000e+002
  2.6600000e+002
  2.6900000e+002
  0.0000000e+000
  0.0000000e+000
  0.0000000e+000
  0.0000000e+000
  0.0000000e+000
  0.0000000e+000
  0.0000000e+000
  0.0000000e+000
  0.0000000e+000
  2.0800000e+002
  1.7700000e+002
  1.7100000e+002
  1.6900000e+002
  1.6700000e+002
  1.6700000e+002
  1.6500000e+002
  1.4600000e+002
  1.4100000e+002
  1.1700000e+002
  1.1600000e+002
  1.1900000e+002
  1.7100000e+002
  1.6900000e+002
  1.7100000e+002
  1.6700000e+002
  1.5800000e+002
  1.6300000e+002
  0.0000000e+000
  0.0000000e+000
  0.0000000e+000
  0.0000000e+000
  0.0000000e+000
  0.0000000e+000
  2.5800000e+002
  2.8000000e+002
  2.9400000e+002
  3.0700000e+002
  3.1400000e+002
  3.1900000e+002
  3.3300000e+002
  3.4500000e+002
  3.6000000e+002
  3.8600000e+002
  3.8800000e+002
  3.8800000e+002
  3.7900000e+002
  3.6800000e+002
  3.4700000e+002
  3.2400000e+002
  3.0100000e+002
  2.8000000e+002
  2.6500000e+002
  0.0000000e+000
  0.0000000e+000
  0.0000000e+000
  0.0000000e+000
  0.0000000e+000
  0.0000000e+000
  0.0000000e+000
  0.0000000e+000
  0.0000000e+000
  0.0000000e+000
  2.4800000e+002
  2.2900000e+002
  1.8600000e+002
  1.8100000e+002
  1.7100000e+002
  1.6000000e+002
  1.5100000e+002
  1.4400000e+002
  1.3900000e+002
  1.3400000e+002
  1.2600000e+002
  1.2200000e+002
  1.2000000e+002
  1.1800000e+002
  1.1800000e+002
  1.1300000e+002
  1.0800000e+002
  1.0700000e+002
  1.0700000e+002
  1.0600000e+002
  1.0700000e+002
  1.0700000e+002
  1.0500000e+002
  1.0400000e+002
  1.0300000e+002
  1.0900000e+002
  6.7000000e+001
  6.8000000e+001
  7.2000000e+001
  7.2000000e+001
  7.1000000e+001
  6.6000000e+001
  6.9000000e+001
  7.6000000e+001
  7.0000000e+001
  0.0000000e+000
  0.0000000e+000
  0.0000000e+000
  0.0000000e+000
  0.0000000e+000
  0.0000000e+000
  0.0000000e+000
  0.0000000e+000
  0.0000000e+000
  0.0000000e+000
  0.0000000e+000
  0.0000000e+000
  0.0000000e+000
  0.0000000e+000
  0.0000000e+000
  0.0000000e+000
  0.0000000e+000
  0.0000000e+000
  0.0000000e+000
  0.0000000e+000
  0.0000000e+000
  0.0000000e+000
  0.0000000e+000
  0.0000000e+000
  0.0000000e+000
  0.0000000e+000
  0.0000000e+000
  0.0000000e+000
  0.0000000e+000
  0.0000000e+000
  0.0000000e+000
  0.0000000e+000
  0.0000000e+000
  0.0000000e+000
  0.0000000e+000
  0.0000000e+000
  0.0000000e+000
