  2.4700000e+002
  2.4000000e+002
  0.0000000e+000
  0.0000000e+000
  0.0000000e+000
  0.0000000e+000
  0.0000000e+000
  0.0000000e+000
  0.0000000e+000
  0.0000000e+000
  0.0000000e+000
  0.0000000e+000
  0.0000000e+000
  0.0000000e+000
  0.0000000e+000
  0.0000000e+000
  0.0000000e+000
  0.0000000e+000
  0.0000000e+000
  0.0000000e+000
  0.0000000e+000
  0.0000000e+000
  0.0000000e+000
  0.0000000e+000
  0.0000000e+000
  0.0000000e+000
  0.0000000e+000
  0.0000000e+000
  0.0000000e+000
  0.0000000e+000
  0.0000000e+000
  0.0000000e+000
  0.0000000e+000
  0.0000000e+000
  0.0000000e+000
  0.0000000e+000
  0.0000000e+000
  0.0000000e+000
  0.0000000e+000
  0.0000000e+000
  0.0000000e+000
  0.0000000e+000
  0.0000000e+000
  0.0000000e+000
  0.0000000e+000
  0.0000000e+000
  0.0000000e+000
  0.0000000e+000
  0.0000000e+000
  0.0000000e+000
  0.0000000e+000
  0.0000000e+000
  0.0000000e+000
  0.0000000e+000
  0.0000000e+000
  0.0000000e+000
  0.0000000e+000
  0.0000000e+000
  0.0000000e+000
  0.0000000e+000
  0.0000000e+000
  0.0000000e+000
  0.0000000e+000
  2.1300000e+002
  1.7900000e+002
  1.7600000e+002
  1.6900000e+002
  1.4700000e+002
  1.3400000e+002
  0.0000000e+000
  0.0000000e+000
  0.0000000e+000
  0.0000000e+000
  0.0000000e+000
  0.0000000e+000
  1.6700000e+002
  1.7000000e+002
  1.6800000e+002
  0.0000000e+000
  0.0000000e+000
  0.0000000e+000
  0.0000000e+000
  0.0000000e+000
  1.9900000e+002
  2.0200000e+002
  2.0200000e+002
  2.1100000e+002
  2.1500000e+002
  2.1800000e+002
  2.2000000e+002
  2.2100000e+002
  2.2100000e+002
  2.2000000e+002
  2.1900000e+002
  2.1800000e+002
  2.1900000e+002
  2.2200000e+002
  2.2400000e+002
  2.2300000e+002
  2.2100000e+002
  2.2300000e+002
  2.2600000e+002
  2.2800000e+002
  2.2700000e+002
  2.2200000e+002
  2.0900000e+002
  2.9600000e+002
  2.9200000e+002
  2.8600000e+002
  2.7800000e+002
  2.5100000e+002
  2.7400000e+002
  2.6300000e+002
  2.6000000e+002
  2.4600000e+002
  2.1300000e+002
  2.1400000e+002
  2.1100000e+002
  2.0700000e+002
  2.0500000e+002
  2.0500000e+002
  2.0600000e+002
  2.0800000e+002
  2.1000000e+002
  2.1200000e+002
  2.1400000e+002
  2.1500000e+002
  2.1200000e+002
  2.1100000e+002
  2.0900000e+002
  2.0300000e+002
  2.0400000e+002
  2.0500000e+002
  2.1100000e+002
  2.1100000e+002
  2.0500000e+002
  2.1200000e+002
  2.0200000e+002
  2.1400000e+002
  2.1500000e+002
  2.2700000e+002
  0.0000000e+000
  0.0000000e+000
  0.0000000e+000
  2.4900000e+002
  2.2300000e+002
  2.1500000e+002
  2.0700000e+002
  2.0200000e+002
  2.0000000e+002
  2.0100000e+002
  2.0300000e+002
  2.0800000e+002
  2.0600000e+002
  2.0700000e+002
  2.1300000e+002
  2.0400000e+002
  2.0000000e+002
  1.9600000e+002
  2.0200000e+002
  2.0400000e+002
  2.0800000e+002
  2.0600000e+002
  2.0500000e+002
  2.0500000e+002
  2.0600000e+002
  2.0700000e+002
  2.0100000e+002
  1.9600000e+002
  1.8800000e+002
  1.8000000e+002
  1.7200000e+002
  1.6900000e+002
  1.6900000e+002
  1.6700000e+002
  1.3800000e+002
  0.0000000e+000
  0.0000000e+000
  0.0000000e+000
  0.0000000e+000
  0.0000000e+000
  0.0000000e+000
  0.0000000e+000
  2.1300000e+002
  1.9800000e+002
  1.8600000e+002
  1.7600000e+002
  1.6700000e+002
  1.4900000e+002
  1.5400000e+002
  1.5700000e+002
  1.6500000e+002
  1.7700000e+002
  1.8300000e+002
  1.8400000e+002
  1.8500000e+002
  1.8500000e+002
  1.8700000e+002
  1.9100000e+002
  1.9500000e+002
  1.9400000e+002
  1.8700000e+002
  1.8300000e+002
  1.8400000e+002
  0.0000000e+000
  0.0000000e+000
  0.0000000e+000
  0.0000000e+000
  0.0000000e+000
  0.0000000e+000
  0.0000000e+000
  2.3000000e+002
  2.1400000e+002
  1.9900000e+002
  1.9100000e+002
  1.8000000e+002
  1.7000000e+002
  1.6100000e+002
  1.5400000e+002
  1.5500000e+002
  1.6500000e+002
  1.8100000e+002
  1.8500000e+002
  1.8100000e+002
  1.7800000e+002
  1.8000000e+002
  1.8300000e+002
  1.8300000e+002
  1.8000000e+002
  1.7900000e+002
  1.7900000e+002
  1.7900000e+002
  1.7400000e+002
  1.6900000e+002
  1.6700000e+002
  1.6400000e+002
  1.6100000e+002
  1.6900000e+002
  1.8000000e+002
  1.9400000e+002
  2.0800000e+002
  2.1700000e+002
  2.3000000e+002
  2.4500000e+002
  2.5400000e+002
  2.5800000e+002
  2.6800000e+002
  2.7400000e+002
  2.7300000e+002
  2.6000000e+002
  2.6300000e+002
  2.5400000e+002
  2.4400000e+002
  2.2800000e+002
  2.1600000e+002
  2.0300000e+002
  1.9000000e+002
  1.7500000e+002
  1.6000000e+002
  1.5000000e+002
  1.4200000e+002
  0.0000000e+000
  0.0000000e+000
  0.0000000e+000
  0.0000000e+000
  0.0000000e+000
  0.0000000e+000
  0.0000000e+000
  0.0000000e+000
  0.0000000e+000
  0.0000000e+000
  0.0000000e+000
  0.0000000e+000
  0.0000000e+000
  0.0000000e+000
  0.0000000e+000
  0.0000000e+000
  0.0000000e+000
  0.0000000e+000
  0.0000000e+000
  0.0000000e+000
  0.0000000e+000
  0.0000000e+000
  0.0000000e+000
  0.0000000e+000
  0.0000000e+000
  0.0000000e+000
  0.0000000e+000
  0.0000000e+000
  0.0000000e+000
  0.0000000e+000
  0.0000000e+000
  0.0000000e+000
  0.0000000e+000
  0.0000000e+000
  0.0000000e+000
  0.0000000e+000
  0.0000000e+000
  0.0000000e+000
  0.0000000e+000
  0.0000000e+000
  0.0000000e+000
  0.0000000e+000
  0.0000000e+000
  0.0000000e+000
  0.0000000e+000
  0.0000000e+000
  0.0000000e+000
  0.0000000e+000
  0.0000000e+000
  0.0000000e+000
  0.0000000e+000
  0.0000000e+000
  0.0000000e+000
  0.0000000e+000
  0.0000000e+000
  0.0000000e+000
  0.0000000e+000
  0.0000000e+000
  8.9000000e+001
  9.0000000e+001
  9.1000000e+001
  9.5000000e+001
  1.0500000e+002
  8.6000000e+001
  0.0000000e+000
  0.0000000e+000
  0.0000000e+000
  0.0000000e+000
  0.0000000e+000
  0.0000000e+000
  0.0000000e+000
  0.0000000e+000
  0.0000000e+000
  0.0000000e+000
  0.0000000e+000
  0.0000000e+000
  0.0000000e+000
  0.0000000e+000
  0.0000000e+000
  0.0000000e+000
  0.0000000e+000
  0.0000000e+000
  0.0000000e+000
