  1.1600000e+002
  1.2100000e+002
  1.1200000e+002
  1.1500000e+002
  1.1800000e+002
  1.1200000e+002
  1.3100000e+002
  1.1800000e+002
  1.1100000e+002
  1.1900000e+002
  1.1800000e+002
  1.2100000e+002
  0.0000000e+000
  0.0000000e+000
  0.0000000e+000
  0.0000000e+000
  0.0000000e+000
  0.0000000e+000
  0.0000000e+000
  0.0000000e+000
  0.0000000e+000
  0.0000000e+000
  0.0000000e+000
  0.0000000e+000
  0.0000000e+000
  0.0000000e+000
  0.0000000e+000
  0.0000000e+000
  0.0000000e+000
  0.0000000e+000
  0.0000000e+000
  0.0000000e+000
  0.0000000e+000
  0.0000000e+000
  0.0000000e+000
  0.0000000e+000
  0.0000000e+000
  0.0000000e+000
  0.0000000e+000
  0.0000000e+000
  0.0000000e+000
  0.0000000e+000
  0.0000000e+000
  0.0000000e+000
  0.0000000e+000
  0.0000000e+000
  2.1300000e+002
  2.0000000e+002
  1.9800000e+002
  1.9300000e+002
  1.9200000e+002
  1.8800000e+002
  1.9200000e+002
  1.9200000e+002
  1.9100000e+002
  1.9000000e+002
  1.9300000e+002
  1.9400000e+002
  1.9300000e+002
  1.9100000e+002
  1.9200000e+002
  1.9600000e+002
  1.9700000e+002
  2.0100000e+002
  2.0500000e+002
  2.0800000e+002
  2.0900000e+002
  2.0800000e+002
  2.1000000e+002
  2.1100000e+002
  2.1100000e+002
  2.1200000e+002
  2.1200000e+002
  2.1300000e+002
  2.1400000e+002
  2.1300000e+002
  2.0500000e+002
  2.0500000e+002
  1.9300000e+002
  1.8700000e+002
  1.8700000e+002
  1.8900000e+002
  2.1600000e+002
  2.2400000e+002
  2.2400000e+002
  2.2000000e+002
  2.1400000e+002
  2.1100000e+002
  2.0700000e+002
  2.0800000e+002
  2.0900000e+002
  2.0800000e+002
  2.0700000e+002
  2.0500000e+002
  2.0900000e+002
  2.0900000e+002
  2.0800000e+002
  2.0600000e+002
  2.0500000e+002
  2.0600000e+002
  2.0900000e+002
  2.1100000e+002
  2.0900000e+002
  2.0800000e+002
  2.0800000e+002
  2.0800000e+002
  2.0800000e+002
  2.0700000e+002
  2.0600000e+002
  2.0500000e+002
  2.0500000e+002
  2.0500000e+002
  2.0600000e+002
  2.0700000e+002
  2.0800000e+002
  2.0700000e+002
  2.0600000e+002
  2.0400000e+002
  2.0300000e+002
  2.0100000e+002
  1.9900000e+002
  1.9900000e+002
  1.9900000e+002
  2.0000000e+002
  1.9900000e+002
  1.9800000e+002
  1.9500000e+002
  1.9300000e+002
  1.9400000e+002
  2.0400000e+002
  2.0100000e+002
  2.0000000e+002
  1.9800000e+002
  1.9800000e+002
  2.0000000e+002
  2.0100000e+002
  2.0200000e+002
  2.0200000e+002
  2.0300000e+002
  1.9900000e+002
  1.9800000e+002
  2.0000000e+002
  2.0300000e+002
  2.0400000e+002
  2.0400000e+002
  2.0300000e+002
  2.0200000e+002
  2.0100000e+002
  2.0200000e+002
  2.0200000e+002
  2.0200000e+002
  1.9900000e+002
  2.0200000e+002
  2.0000000e+002
  2.0800000e+002
  2.0900000e+002
  2.1700000e+002
  2.1300000e+002
  2.0700000e+002
  2.0700000e+002
  2.0600000e+002
  2.0500000e+002
  2.0300000e+002
  2.0200000e+002
  2.0100000e+002
  2.0100000e+002
  2.0300000e+002
  2.0700000e+002
  2.0900000e+002
  2.1000000e+002
  2.1000000e+002
  2.0800000e+002
  2.0500000e+002
  2.0300000e+002
  2.0200000e+002
  2.0500000e+002
  2.0700000e+002
  2.0900000e+002
  2.1200000e+002
  2.1300000e+002
  2.1600000e+002
  2.1600000e+002
  2.2200000e+002
  2.2100000e+002
  2.2000000e+002
  2.1900000e+002
  2.1900000e+002
  2.1800000e+002
  2.1800000e+002
  2.1600000e+002
  2.1300000e+002
  2.2500000e+002
  2.2400000e+002
  2.2000000e+002
  2.1900000e+002
  2.1800000e+002
  2.1600000e+002
  2.1300000e+002
  2.1300000e+002
  2.1400000e+002
  2.1400000e+002
  2.1400000e+002
  2.1400000e+002
  2.1500000e+002
  2.1600000e+002
  2.1600000e+002
  2.1800000e+002
  2.1900000e+002
  2.2000000e+002
  2.2000000e+002
  2.2000000e+002
  2.1800000e+002
  2.1100000e+002
  2.0300000e+002
  1.9600000e+002
  1.8700000e+002
  1.8200000e+002
  1.7300000e+002
  1.7200000e+002
  1.6800000e+002
  1.6100000e+002
  1.6100000e+002
  7.0000000e+001
  7.6000000e+001
  7.4000000e+001
  6.7000000e+001
  7.0000000e+001
  0.0000000e+000
  0.0000000e+000
  0.0000000e+000
  0.0000000e+000
  0.0000000e+000
  0.0000000e+000
  0.0000000e+000
  0.0000000e+000
  0.0000000e+000
  0.0000000e+000
  0.0000000e+000
  0.0000000e+000
  0.0000000e+000
  0.0000000e+000
  0.0000000e+000
  0.0000000e+000
  0.0000000e+000
  0.0000000e+000
  0.0000000e+000
  0.0000000e+000
  0.0000000e+000
  0.0000000e+000
  0.0000000e+000
  0.0000000e+000
  0.0000000e+000
  0.0000000e+000
  0.0000000e+000
  0.0000000e+000
  0.0000000e+000
  0.0000000e+000
  0.0000000e+000
  0.0000000e+000
  0.0000000e+000
  0.0000000e+000
  0.0000000e+000
  0.0000000e+000
  0.0000000e+000
