  0.0000000e+000
  0.0000000e+000
  0.0000000e+000
  0.0000000e+000
  0.0000000e+000
  0.0000000e+000
  0.0000000e+000
  0.0000000e+000
  0.0000000e+000
  0.0000000e+000
  0.0000000e+000
  0.0000000e+000
  0.0000000e+000
  0.0000000e+000
  0.0000000e+000
  0.0000000e+000
  0.0000000e+000
  1.1800000e+002
  1.2500000e+002
  1.1000000e+002
  1.1500000e+002
  1.0600000e+002
  1.1600000e+002
  1.1500000e+002
  1.2600000e+002
  1.1600000e+002
  1.1900000e+002
  1.2200000e+002
  1.1900000e+002
  1.1800000e+002
  0.0000000e+000
  0.0000000e+000
  0.0000000e+000
  0.0000000e+000
  0.0000000e+000
  0.0000000e+000
  0.0000000e+000
  0.0000000e+000
  0.0000000e+000
  0.0000000e+000
  0.0000000e+000
  0.0000000e+000
  0.0000000e+000
  0.0000000e+000
  0.0000000e+000
  0.0000000e+000
  0.0000000e+000
  0.0000000e+000
  0.0000000e+000
  0.0000000e+000
  0.0000000e+000
  0.0000000e+000
  0.0000000e+000
  0.0000000e+000
  0.0000000e+000
  0.0000000e+000
  0.0000000e+000
  0.0000000e+000
  0.0000000e+000
  0.0000000e+000
  1.9000000e+002
  1.9100000e+002
  1.9400000e+002
  2.0000000e+002
  2.0300000e+002
  2.0400000e+002
  2.0600000e+002
  2.0700000e+002
  2.0700000e+002
  2.0200000e+002
  1.9100000e+002
  2.0300000e+002
  2.0100000e+002
  2.0100000e+002
  1.9500000e+002
  1.9500000e+002
  2.0900000e+002
  2.1600000e+002
  2.1500000e+002
  2.1300000e+002
  2.1100000e+002
  2.0900000e+002
  2.0800000e+002
  2.0400000e+002
  1.9800000e+002
  1.8500000e+002
  1.7000000e+002
  0.0000000e+000
  0.0000000e+000
  0.0000000e+000
  0.0000000e+000
  0.0000000e+000
  0.0000000e+000
  0.0000000e+000
  0.0000000e+000
  0.0000000e+000
  0.0000000e+000
  0.0000000e+000
  0.0000000e+000
  1.8100000e+002
  1.8700000e+002
  1.9300000e+002
  2.0000000e+002
  2.0000000e+002
  1.9700000e+002
  1.9400000e+002
  1.9200000e+002
  1.9100000e+002
  1.9100000e+002
  1.9100000e+002
  1.9200000e+002
  1.9100000e+002
  1.9100000e+002
  1.9000000e+002
  1.9000000e+002
  1.9000000e+002
  1.8900000e+002
  1.9400000e+002
  1.9300000e+002
  1.9600000e+002
  1.9500000e+002
  1.9400000e+002
  1.9300000e+002
  1.9300000e+002
  1.9300000e+002
  1.9300000e+002
  1.9300000e+002
  1.8900000e+002
  1.8600000e+002
  1.8300000e+002
  1.8000000e+002
  1.8100000e+002
  1.8300000e+002
  1.8500000e+002
  1.9000000e+002
  1.9400000e+002
  1.9400000e+002
  1.8800000e+002
  1.8800000e+002
  1.8800000e+002
  1.8700000e+002
  1.8400000e+002
  1.8400000e+002
  1.8400000e+002
  1.8400000e+002
  1.8400000e+002
  1.8400000e+002
  1.8400000e+002
  1.8500000e+002
  1.8600000e+002
  1.8400000e+002
  1.8400000e+002
  1.8500000e+002
  1.8700000e+002
  1.8900000e+002
  1.9100000e+002
  1.9300000e+002
  1.9500000e+002
  1.9700000e+002
  1.9900000e+002
  2.0100000e+002
  2.0300000e+002
  2.0300000e+002
  2.0400000e+002
  2.0500000e+002
  2.0600000e+002
  2.0500000e+002
  2.0100000e+002
  1.9400000e+002
  1.8700000e+002
  1.8000000e+002
  1.7600000e+002
  1.7400000e+002
  1.6500000e+002
  1.5900000e+002
  1.6600000e+002
  1.6100000e+002
  0.0000000e+000
  0.0000000e+000
  0.0000000e+000
  0.0000000e+000
  0.0000000e+000
  0.0000000e+000
  0.0000000e+000
  0.0000000e+000
  0.0000000e+000
  0.0000000e+000
  0.0000000e+000
  0.0000000e+000
  1.2700000e+002
  1.2400000e+002
  1.1400000e+002
  1.2800000e+002
  1.1800000e+002
  1.2000000e+002
  1.2400000e+002
  1.3300000e+002
  1.2100000e+002
  1.3300000e+002
  1.0400000e+002
  6.6000000e+001
  5.7000000e+001
  6.3000000e+001
  6.1000000e+001
  6.2000000e+001
  6.2000000e+001
  5.9000000e+001
  6.5000000e+001
  6.3000000e+001
  6.3000000e+001
  5.9000000e+001
  0.0000000e+000
  0.0000000e+000
  0.0000000e+000
  0.0000000e+000
  0.0000000e+000
  0.0000000e+000
  0.0000000e+000
  0.0000000e+000
  0.0000000e+000
  0.0000000e+000
  0.0000000e+000
  0.0000000e+000
  0.0000000e+000
  0.0000000e+000
  0.0000000e+000
  0.0000000e+000
  0.0000000e+000
  0.0000000e+000
  0.0000000e+000
  0.0000000e+000
  0.0000000e+000
  0.0000000e+000
  0.0000000e+000
  1.1600000e+002
  1.1200000e+002
  1.1900000e+002
  1.1400000e+002
  1.1900000e+002
