  0.0000000e+000
  0.0000000e+000
  0.0000000e+000
  0.0000000e+000
  0.0000000e+000
  0.0000000e+000
  0.0000000e+000
  0.0000000e+000
  0.0000000e+000
  0.0000000e+000
  0.0000000e+000
  0.0000000e+000
  0.0000000e+000
  0.0000000e+000
  0.0000000e+000
  0.0000000e+000
  0.0000000e+000
  0.0000000e+000
  0.0000000e+000
  0.0000000e+000
  0.0000000e+000
  0.0000000e+000
  0.0000000e+000
  0.0000000e+000
  0.0000000e+000
  0.0000000e+000
  0.0000000e+000
  0.0000000e+000
  0.0000000e+000
  0.0000000e+000
  0.0000000e+000
  0.0000000e+000
  0.0000000e+000
  0.0000000e+000
  0.0000000e+000
  0.0000000e+000
  0.0000000e+000
  0.0000000e+000
  0.0000000e+000
  0.0000000e+000
  0.0000000e+000
  0.0000000e+000
  0.0000000e+000
  0.0000000e+000
  0.0000000e+000
  0.0000000e+000
  0.0000000e+000
  0.0000000e+000
  0.0000000e+000
  0.0000000e+000
  0.0000000e+000
  0.0000000e+000
  0.0000000e+000
  0.0000000e+000
  0.0000000e+000
  0.0000000e+000
  0.0000000e+000
  0.0000000e+000
  0.0000000e+000
  0.0000000e+000
  0.0000000e+000
  0.0000000e+000
  2.1800000e+002
  2.0000000e+002
  1.9700000e+002
  1.9300000e+002
  1.9200000e+002
  1.9100000e+002
  1.9000000e+002
  1.9100000e+002
  1.9000000e+002
  1.9000000e+002
  1.9100000e+002
  1.9000000e+002
  1.9200000e+002
  1.9100000e+002
  1.8100000e+002
  1.8400000e+002
  1.8400000e+002
  1.8400000e+002
  1.8200000e+002
  1.8100000e+002
  1.7800000e+002
  1.7200000e+002
  1.6600000e+002
  1.6400000e+002
  1.6400000e+002
  1.6200000e+002
  0.0000000e+000
  0.0000000e+000
  0.0000000e+000
  0.0000000e+000
  0.0000000e+000
  2.3100000e+002
  2.1100000e+002
  2.1200000e+002
  2.0700000e+002
  1.9800000e+002
  1.9300000e+002
  1.9100000e+002
  1.8900000e+002
  1.8700000e+002
  1.8500000e+002
  1.8400000e+002
  1.8400000e+002
  1.8700000e+002
  1.9100000e+002
  1.9400000e+002
  1.9400000e+002
  1.9400000e+002
  1.9500000e+002
  1.9700000e+002
  1.9800000e+002
  2.0000000e+002
  2.0100000e+002
  1.9900000e+002
  1.9800000e+002
  1.9500000e+002
  1.9200000e+002
  1.9000000e+002
  1.8800000e+002
  1.7800000e+002
  1.9300000e+002
  1.9000000e+002
  1.9000000e+002
  1.8800000e+002
  1.8600000e+002
  1.9000000e+002
  1.8700000e+002
  1.8200000e+002
  1.8400000e+002
  1.7900000e+002
  1.9300000e+002
  2.0500000e+002
  1.9900000e+002
  1.9800000e+002
  1.9600000e+002
  1.9300000e+002
  1.9200000e+002
  1.8700000e+002
  1.8600000e+002
  1.8400000e+002
  1.8100000e+002
  1.7800000e+002
  1.7800000e+002
  1.7400000e+002
  1.7300000e+002
  1.7300000e+002
  1.7400000e+002
  1.7400000e+002
  1.7300000e+002
  1.7300000e+002
  1.7400000e+002
  1.7600000e+002
  1.7500000e+002
  1.7500000e+002
  1.7500000e+002
  1.7400000e+002
  1.7400000e+002
  1.7500000e+002
  1.7500000e+002
  1.7500000e+002
  1.7700000e+002
  1.7700000e+002
  1.7800000e+002
  1.8000000e+002
  1.8200000e+002
  1.8300000e+002
  1.8300000e+002
  1.8300000e+002
  1.8400000e+002
  1.8300000e+002
  1.8400000e+002
  1.8300000e+002
  1.8200000e+002
  1.8000000e+002
  1.7800000e+002
  1.7700000e+002
  1.7600000e+002
  1.6800000e+002
  1.6200000e+002
  1.6800000e+002
  1.7500000e+002
  1.9000000e+002
  1.8200000e+002
  1.7600000e+002
  1.6900000e+002
  0.0000000e+000
  0.0000000e+000
  1.9600000e+002
  1.9500000e+002
  1.9100000e+002
  1.8800000e+002
  1.8700000e+002
  1.8800000e+002
  1.9000000e+002
  1.8500000e+002
  1.8400000e+002
  0.0000000e+000
  0.0000000e+000
  0.0000000e+000
  0.0000000e+000
  0.0000000e+000
  0.0000000e+000
  0.0000000e+000
  0.0000000e+000
  0.0000000e+000
  0.0000000e+000
  0.0000000e+000
  0.0000000e+000
  0.0000000e+000
  2.0800000e+002
  2.0400000e+002
  1.9200000e+002
  1.8500000e+002
  1.8100000e+002
  1.7900000e+002
  1.7700000e+002
  1.7900000e+002
  1.8000000e+002
  1.8200000e+002
  1.8400000e+002
  1.8500000e+002
  1.8700000e+002
  1.8600000e+002
  1.8200000e+002
  1.7900000e+002
  1.6900000e+002
  1.6000000e+002
  1.6200000e+002
  1.6000000e+002
  1.6000000e+002
  1.6400000e+002
  1.1300000e+002
  1.1000000e+002
  1.0900000e+002
  1.3700000e+002
  1.4000000e+002
  1.3100000e+002
  1.3200000e+002
  1.1400000e+002
  1.3000000e+002
  1.1900000e+002
  1.2400000e+002
  1.2000000e+002
  1.3400000e+002
  1.3000000e+002
  1.3100000e+002
  1.1800000e+002
  1.2800000e+002
  1.1800000e+002
  1.1800000e+002
  1.1900000e+002
  1.2500000e+002
  1.2400000e+002
  1.2300000e+002
  1.1700000e+002
  1.2200000e+002
  1.2000000e+002
  1.2400000e+002
  1.1600000e+002
  1.1800000e+002
  1.1600000e+002
  1.2800000e+002
  1.1700000e+002
  1.2200000e+002
  1.3100000e+002
  1.2800000e+002
  0.0000000e+000
  0.0000000e+000
  0.0000000e+000
  0.0000000e+000
  0.0000000e+000
  0.0000000e+000
  0.0000000e+000
  0.0000000e+000
  0.0000000e+000
  0.0000000e+000
  0.0000000e+000
  0.0000000e+000
  0.0000000e+000
  0.0000000e+000
  0.0000000e+000
  0.0000000e+000
  0.0000000e+000
  0.0000000e+000
  0.0000000e+000
  0.0000000e+000
