  0.0000000e+000
  0.0000000e+000
  0.0000000e+000
  0.0000000e+000
  0.0000000e+000
  0.0000000e+000
  0.0000000e+000
  0.0000000e+000
  0.0000000e+000
  0.0000000e+000
  0.0000000e+000
  0.0000000e+000
  0.0000000e+000
  0.0000000e+000
  0.0000000e+000
  0.0000000e+000
  0.0000000e+000
  0.0000000e+000
  0.0000000e+000
  0.0000000e+000
  0.0000000e+000
  0.0000000e+000
  0.0000000e+000
  0.0000000e+000
  0.0000000e+000
  0.0000000e+000
  0.0000000e+000
  0.0000000e+000
  0.0000000e+000
  0.0000000e+000
  0.0000000e+000
  0.0000000e+000
  0.0000000e+000
  0.0000000e+000
  0.0000000e+000
  0.0000000e+000
  0.0000000e+000
  0.0000000e+000
  0.0000000e+000
  0.0000000e+000
  0.0000000e+000
  0.0000000e+000
  0.0000000e+000
  0.0000000e+000
  0.0000000e+000
  0.0000000e+000
  0.0000000e+000
  0.0000000e+000
  0.0000000e+000
  0.0000000e+000
  0.0000000e+000
  0.0000000e+000
  0.0000000e+000
  0.0000000e+000
  0.0000000e+000
  0.0000000e+000
  2.0800000e+002
  1.8600000e+002
  1.8100000e+002
  1.7900000e+002
  1.8000000e+002
  1.7700000e+002
  1.7600000e+002
  1.7800000e+002
  1.7800000e+002
  1.7200000e+002
  1.6500000e+002
  1.5900000e+002
  0.0000000e+000
  0.0000000e+000
  0.0000000e+000
  2.3500000e+002
  2.1000000e+002
  1.9700000e+002
  1.9700000e+002
  1.9600000e+002
  1.9500000e+002
  1.9600000e+002
  1.9800000e+002
  2.0200000e+002
  2.0500000e+002
  2.0700000e+002
  2.0900000e+002
  2.0900000e+002
  2.0500000e+002
  2.0500000e+002
  2.0100000e+002
  1.9500000e+002
  1.8800000e+002
  0.0000000e+000
  0.0000000e+000
  0.0000000e+000
  0.0000000e+000
  0.0000000e+000
  0.0000000e+000
  0.0000000e+000
  0.0000000e+000
  0.0000000e+000
  0.0000000e+000
  0.0000000e+000
  2.0800000e+002
  2.2500000e+002
  2.1800000e+002
  2.1600000e+002
  2.1400000e+002
  2.1600000e+002
  2.2200000e+002
  2.2700000e+002
  2.2900000e+002
  2.2900000e+002
  2.0400000e+002
  1.9900000e+002
  1.9900000e+002
  2.2300000e+002
  2.2900000e+002
  2.2700000e+002
  2.2100000e+002
  2.0700000e+002
  1.9900000e+002
  2.1200000e+002
  2.0800000e+002
  2.1000000e+002
  2.1300000e+002
  2.3200000e+002
  0.0000000e+000
  0.0000000e+000
  0.0000000e+000
  0.0000000e+000
  0.0000000e+000
  0.0000000e+000
  1.9000000e+002
  1.9600000e+002
  2.0100000e+002
  2.0100000e+002
  2.0000000e+002
  1.9600000e+002
  1.9500000e+002
  1.9600000e+002
  2.0000000e+002
  2.0500000e+002
  2.0800000e+002
  2.1100000e+002
  2.1300000e+002
  2.1500000e+002
  2.1600000e+002
  2.1600000e+002
  2.1800000e+002
  2.1900000e+002
  2.1800000e+002
  2.2100000e+002
  2.2700000e+002
  2.2700000e+002
  2.2700000e+002
  2.2600000e+002
  2.2500000e+002
  2.2400000e+002
  2.2300000e+002
  2.1900000e+002
  2.1600000e+002
  2.1300000e+002
  2.0500000e+002
  2.0600000e+002
  2.0900000e+002
  2.1300000e+002
  2.1800000e+002
  2.1800000e+002
  2.1800000e+002
  2.1800000e+002
  2.1800000e+002
  2.1800000e+002
  2.1900000e+002
  2.2100000e+002
  2.2000000e+002
  2.1900000e+002
  2.1700000e+002
  2.1500000e+002
  2.1800000e+002
  2.0900000e+002
  2.2000000e+002
  2.2000000e+002
  2.1800000e+002
  2.2100000e+002
  2.2600000e+002
  2.2300000e+002
  2.2000000e+002
  2.1800000e+002
  2.1700000e+002
  2.1500000e+002
  2.1400000e+002
  2.1200000e+002
  2.1000000e+002
  2.0700000e+002
  2.0400000e+002
  2.0300000e+002
  2.0400000e+002
  2.1000000e+002
  2.1700000e+002
  2.1900000e+002
  2.1500000e+002
  2.1500000e+002
  2.1600000e+002
  2.1500000e+002
  2.1600000e+002
  2.1600000e+002
  2.1700000e+002
  2.1600000e+002
  2.1600000e+002
  2.1600000e+002
  2.1600000e+002
  2.1500000e+002
  2.1000000e+002
  2.0200000e+002
  1.9400000e+002
  1.8700000e+002
  1.7200000e+002
  1.7800000e+002
  1.9000000e+002
  2.0800000e+002
  2.2100000e+002
  2.2500000e+002
  2.3000000e+002
  2.3500000e+002
  2.3800000e+002
  2.3600000e+002
  2.3800000e+002
  2.3800000e+002
  2.3300000e+002
  2.2800000e+002
  2.1400000e+002
  1.9200000e+002
  1.8700000e+002
  1.7600000e+002
  1.8100000e+002
  1.7900000e+002
  1.7800000e+002
  1.5400000e+002
  1.4700000e+002
  1.3600000e+002
  1.3700000e+002
  1.4200000e+002
  1.4800000e+002
  1.5600000e+002
  1.6100000e+002
  1.5700000e+002
  1.5800000e+002
  1.6200000e+002
  1.6800000e+002
  1.7600000e+002
  1.8900000e+002
  2.0500000e+002
  2.2300000e+002
  2.3900000e+002
  2.5200000e+002
  2.6100000e+002
  2.6900000e+002
  2.7200000e+002
  2.7600000e+002
  2.7700000e+002
  2.7400000e+002
  2.7200000e+002
  2.7200000e+002
  2.7300000e+002
  2.5200000e+002
  2.6200000e+002
  2.7400000e+002
  2.6600000e+002
  2.5500000e+002
  0.0000000e+000
  0.0000000e+000
  0.0000000e+000
  0.0000000e+000
  0.0000000e+000
  0.0000000e+000
  0.0000000e+000
  0.0000000e+000
  0.0000000e+000
  0.0000000e+000
  0.0000000e+000
  0.0000000e+000
  0.0000000e+000
  0.0000000e+000
  0.0000000e+000
  0.0000000e+000
  0.0000000e+000
  0.0000000e+000
  0.0000000e+000
  1.1700000e+002
  1.2100000e+002
  1.3100000e+002
  1.1500000e+002
  1.4800000e+002
  1.1300000e+002
  1.3400000e+002
  1.1900000e+002
  1.2400000e+002
  1.1200000e+002
  1.1500000e+002
  1.2900000e+002
  1.3000000e+002
  1.1500000e+002
  1.2600000e+002
  1.1100000e+002
  1.2300000e+002
  1.2600000e+002
  0.0000000e+000
  0.0000000e+000
  0.0000000e+000
  0.0000000e+000
  0.0000000e+000
  0.0000000e+000
  0.0000000e+000
  0.0000000e+000
  0.0000000e+000
  0.0000000e+000
  0.0000000e+000
  0.0000000e+000
  0.0000000e+000
  0.0000000e+000
  0.0000000e+000
