  0.0000000e+000
  0.0000000e+000
  0.0000000e+000
  0.0000000e+000
  0.0000000e+000
  0.0000000e+000
  0.0000000e+000
  0.0000000e+000
  0.0000000e+000
  0.0000000e+000
  0.0000000e+000
  0.0000000e+000
  0.0000000e+000
  0.0000000e+000
  0.0000000e+000
  0.0000000e+000
  0.0000000e+000
  0.0000000e+000
  0.0000000e+000
  0.0000000e+000
  0.0000000e+000
  0.0000000e+000
  0.0000000e+000
  0.0000000e+000
  0.0000000e+000
  0.0000000e+000
  0.0000000e+000
  0.0000000e+000
  0.0000000e+000
  0.0000000e+000
  0.0000000e+000
  0.0000000e+000
  0.0000000e+000
  0.0000000e+000
  0.0000000e+000
  0.0000000e+000
  0.0000000e+000
  0.0000000e+000
  0.0000000e+000
  0.0000000e+000
  0.0000000e+000
  0.0000000e+000
  0.0000000e+000
  0.0000000e+000
  0.0000000e+000
  0.0000000e+000
  0.0000000e+000
  0.0000000e+000
  1.8000000e+002
  1.9500000e+002
  1.9000000e+002
  1.9200000e+002
  1.9400000e+002
  1.9700000e+002
  2.0100000e+002
  2.0000000e+002
  2.0400000e+002
  2.0400000e+002
  2.0700000e+002
  2.3300000e+002
  2.4900000e+002
  2.5200000e+002
  2.5200000e+002
  2.4800000e+002
  2.4100000e+002
  2.2900000e+002
  2.1600000e+002
  0.0000000e+000
  0.0000000e+000
  0.0000000e+000
  0.0000000e+000
  0.0000000e+000
  0.0000000e+000
  0.0000000e+000
  0.0000000e+000
  0.0000000e+000
  0.0000000e+000
  2.1500000e+002
  2.1500000e+002
  2.1600000e+002
  2.1800000e+002
  2.2000000e+002
  2.1800000e+002
  2.1800000e+002
  2.1800000e+002
  2.1800000e+002
  2.1800000e+002
  2.1700000e+002
  2.2000000e+002
  2.1700000e+002
  2.1800000e+002
  2.1900000e+002
  2.1900000e+002
  2.2200000e+002
  2.2100000e+002
  2.2100000e+002
  2.1800000e+002
  2.1200000e+002
  2.0700000e+002
  2.0300000e+002
  1.9700000e+002
  1.8900000e+002
  1.8200000e+002
  1.7400000e+002
  1.7000000e+002
  1.6300000e+002
  1.5800000e+002
  1.5700000e+002
  1.6000000e+002
  1.6100000e+002
  1.5900000e+002
  1.5300000e+002
  1.5400000e+002
  1.5500000e+002
  1.5600000e+002
  1.6000000e+002
  1.6300000e+002
  1.6700000e+002
  1.7100000e+002
  1.7700000e+002
  1.8300000e+002
  1.9300000e+002
  2.0000000e+002
  2.1300000e+002
  2.2600000e+002
  2.3500000e+002
  2.4600000e+002
  2.5300000e+002
  2.6400000e+002
  2.7900000e+002
  2.8500000e+002
  2.8700000e+002
  2.8700000e+002
  2.8600000e+002
  2.8200000e+002
  2.7500000e+002
  2.6200000e+002
  2.5400000e+002
  2.4200000e+002
  2.2600000e+002
  2.1500000e+002
  1.9300000e+002
  2.1500000e+002
  0.0000000e+000
  0.0000000e+000
  0.0000000e+000
  0.0000000e+000
  0.0000000e+000
  0.0000000e+000
  0.0000000e+000
  6.2000000e+001
  6.2000000e+001
  6.0000000e+001
  5.8000000e+001
  6.2000000e+001
  6.4000000e+001
  5.9000000e+001
  6.7000000e+001
  5.9000000e+001
  6.3000000e+001
  6.3000000e+001
  6.1000000e+001
  6.4000000e+001
  6.6000000e+001
  6.6000000e+001
  6.0000000e+001
  6.1000000e+001
  6.9000000e+001
  6.5000000e+001
  6.0000000e+001
  6.6000000e+001
  6.6000000e+001
  6.2000000e+001
  6.4000000e+001
  6.2000000e+001
  6.2000000e+001
  6.5000000e+001
  5.6000000e+001
  5.8000000e+001
  6.5000000e+001
  6.3000000e+001
  6.4000000e+001
  6.3000000e+001
