  0.0000000e+000
  0.0000000e+000
  0.0000000e+000
  0.0000000e+000
  0.0000000e+000
  0.0000000e+000
  0.0000000e+000
  0.0000000e+000
  0.0000000e+000
  0.0000000e+000
  0.0000000e+000
  0.0000000e+000
  0.0000000e+000
  0.0000000e+000
  0.0000000e+000
  0.0000000e+000
  0.0000000e+000
  0.0000000e+000
  0.0000000e+000
  0.0000000e+000
  0.0000000e+000
  0.0000000e+000
  0.0000000e+000
  0.0000000e+000
  0.0000000e+000
  0.0000000e+000
  0.0000000e+000
  0.0000000e+000
  0.0000000e+000
  0.0000000e+000
  0.0000000e+000
  0.0000000e+000
  0.0000000e+000
  0.0000000e+000
  0.0000000e+000
  0.0000000e+000
  0.0000000e+000
  0.0000000e+000
  0.0000000e+000
  1.6900000e+002
  1.5000000e+002
  1.3900000e+002
  1.2900000e+002
  1.2600000e+002
  1.2100000e+002
  1.1600000e+002
  1.1600000e+002
  1.1500000e+002
  1.2100000e+002
  1.1400000e+002
  1.1400000e+002
  1.4400000e+002
  1.6600000e+002
  1.6700000e+002
  1.7100000e+002
  1.7100000e+002
  1.7200000e+002
  1.7800000e+002
  1.8800000e+002
  1.9700000e+002
  2.0000000e+002
  2.0500000e+002
  2.0800000e+002
  2.1100000e+002
  2.1000000e+002
  1.8400000e+002
  1.8400000e+002
  1.3500000e+002
  1.4400000e+002
  2.0200000e+002
  2.0000000e+002
  1.9900000e+002
  0.0000000e+000
  0.0000000e+000
  0.0000000e+000
  0.0000000e+000
  0.0000000e+000
  0.0000000e+000
  2.0500000e+002
  2.1200000e+002
  2.2000000e+002
  2.2600000e+002
  2.3000000e+002
  2.3200000e+002
  2.3100000e+002
  2.3400000e+002
  2.3300000e+002
  2.3200000e+002
  2.3200000e+002
  2.2800000e+002
  2.1300000e+002
  2.1100000e+002
  2.0500000e+002
  1.9900000e+002
  1.8400000e+002
  1.6400000e+002
  0.0000000e+000
  0.0000000e+000
  0.0000000e+000
  2.2900000e+002
  2.1900000e+002
  2.1600000e+002
  2.1200000e+002
  2.0600000e+002
  2.0400000e+002
  2.0400000e+002
  2.0600000e+002
  2.0800000e+002
  2.0800000e+002
  2.0300000e+002
  1.9800000e+002
  1.9100000e+002
  1.8700000e+002
  1.8400000e+002
  2.0800000e+002
  2.1700000e+002
  2.1700000e+002
  2.1000000e+002
  1.9800000e+002
  2.0500000e+002
  2.0800000e+002
  2.1100000e+002
  2.1300000e+002
  2.1200000e+002
  2.1000000e+002
  2.1900000e+002
  2.1600000e+002
  2.1000000e+002
  2.0500000e+002
  2.0400000e+002
  2.0300000e+002
  2.0800000e+002
  2.1300000e+002
  2.0300000e+002
  2.0600000e+002
  2.1200000e+002
  2.1000000e+002
  2.0200000e+002
  0.0000000e+000
  0.0000000e+000
  0.0000000e+000
  0.0000000e+000
  0.0000000e+000
  0.0000000e+000
  2.4200000e+002
  2.2700000e+002
  2.1900000e+002
  2.1100000e+002
  2.0000000e+002
  1.8800000e+002
  1.8100000e+002
  1.6600000e+002
  1.6200000e+002
  1.5700000e+002
  1.5600000e+002
  1.5500000e+002
  1.5600000e+002
  1.5700000e+002
  1.5600000e+002
  1.5700000e+002
  1.6100000e+002
  1.6000000e+002
  1.5000000e+002
  1.3800000e+002
  1.3400000e+002
  0.0000000e+000
  0.0000000e+000
  0.0000000e+000
  0.0000000e+000
  0.0000000e+000
  0.0000000e+000
  0.0000000e+000
  0.0000000e+000
  0.0000000e+000
  0.0000000e+000
  0.0000000e+000
  2.4000000e+002
  2.2300000e+002
  2.2500000e+002
  2.2700000e+002
  2.3100000e+002
  2.4200000e+002
  2.4900000e+002
  2.5400000e+002
  2.4600000e+002
  2.5400000e+002
  2.5900000e+002
  2.6200000e+002
  2.6500000e+002
  2.6400000e+002
  2.6000000e+002
  2.5500000e+002
  2.5000000e+002
  2.3700000e+002
  2.1200000e+002
  2.1700000e+002
  1.9700000e+002
  1.8300000e+002
  1.7900000e+002
  1.8200000e+002
  1.8100000e+002
  0.0000000e+000
  0.0000000e+000
  0.0000000e+000
  0.0000000e+000
  0.0000000e+000
  0.0000000e+000
  0.0000000e+000
  0.0000000e+000
  0.0000000e+000
  0.0000000e+000
  0.0000000e+000
  0.0000000e+000
  0.0000000e+000
  0.0000000e+000
  0.0000000e+000
  1.1100000e+002
  1.2700000e+002
  1.2000000e+002
  1.2300000e+002
  1.1700000e+002
  1.1800000e+002
  1.2400000e+002
  1.1900000e+002
  1.5300000e+002
  1.1200000e+002
  1.2600000e+002
  1.2600000e+002
  1.2400000e+002
  1.2200000e+002
  1.1300000e+002
  1.0600000e+002
  1.5500000e+002
  1.2600000e+002
  1.1700000e+002
  1.1500000e+002
  1.2000000e+002
  1.1300000e+002
  1.2000000e+002
