0
0
0
0
0
0
0
0
0
0
0
0
0
0
0
0
0
0
0
0
0
0
0
0
0
0
0
0
0
0
0
0
0
0
0
0
0
0
0
0
0
0
147
146
144
142
137
130
124
119
118
120
125
131
137
142
144
146
148
149
149
148
145
142
139
136
131
125
120
116
117
120
124
128
129
129
127
126
124
120
116
111
109
110
114
118
121
123
124
129
143
162
176
181
180
179
177
175
173
172
172
172
171
170
167
163
157
150
143
138
134
132
129
127
124
122
121
120
120
0
0
0
0
0
0
0
0
0
0
0
0
0
0
0
0
0
191
190
189
187
183
176
167
158
149
140
130
120
113
111
113
116
121
125
126
125
122
119
116
115
114
114
114
115
116
116
115
113
109
107
105
103
98
96
92
88
0
0
0
0
157
158
160
162
167
171
174
176
176
173
165
155
146
142
140
140
0
0
0
0
0
0
0
0
162
162
161
160
158
156
154
152
150
146
144
142
142
142
143
144
147
150
152
153
154
154
154
154
153
153
152
151
149
146
142
139
138
137
137
0
0
0
0
0
0
0
0
0
160
160
160
160
162
164
166
168
168
167
164
159
152
144
133
120
108
102
99
99
100
100
100
99
100
103
108
112
115
119
0
0
0
0
0
0
0
0
0
0
0
0
0
0
127
129
131
134
138
141
144
145
146
146
146
146
145
145
145
145
145
145
145
145
144
143
142
141
140
139
139
139
139
139
138
137
134
132
130
130
130
132
136
143
150
157
162
166
168
168
167
165
160
153
145
136
127
119
111
104
98
92
88
84
82
82
81
81
80
80
80
80
81
81
81
81
81
82
0
0
0
0
0
0
0
0
0
0
0
0
0
0
0
0
0
0
0
0
0
0
0
0
0
0
0
