110
110
110
110
110
110
110
110
110
110
110
110
110
111
0
0
0
0
0
0
0
0
0
0
0
0
0
0
0
0
0
0
0
0
0
0
0
0
0
0
0
0
0
0
0
0
0
207
207
207
207
207
207
207
206
205
202
199
197
195
193
190
187
183
179
174
170
165
161
156
148
142
140
139
138
137
135
132
129
127
125
123
121
120
120
120
120
119
117
113
110
108
107
105
103
101
99
97
0
0
0
0
0
0
137
137
135
133
128
124
120
118
117
117
116
116
116
116
117
118
119
121
121
122
121
121
120
119
117
115
111
108
106
105
103
101
100
99
98
148
199
200
201
201
203
204
204
204
204
204
203
203
202
202
202
202
202
0
0
0
0
0
0
134
133
133
133
131
129
124
120
117
114
112
109
108
109
111
113
114
116
116
117
117
118
117
116
114
112
112
113
114
115
117
118
119
119
119
0
0
0
0
0
0
0
0
0
205
204
204
203
200
197
194
190
189
187
186
0
0
0
0
0
0
0
0
0
129
127
125
123
119
115
112
109
106
103
101
98
96
0
0
0
112
112
113
114
117
121
124
126
126
125
123
120
119
120
123
126
128
129
129
130
133
140
147
154
158
160
162
164
165
165
164
164
163
162
161
160
159
157
155
152
150
148
148
147
145
143
141
140
141
143
145
146
148
155
167
180
190
193
194
193
191
188
185
182
180
177
173
167
160
151
141
133
126
121
119
117
116
114
111
108
105
101
98
95
94
93
92
91
90
89
88
87
86
86
86
86
0
0
0
0
0
0
0
0
0
0
0
0
0
0
0
0
0
0
0
0
0
0
0
0
0
0
0
0
0
0
113
113
113
113
113
112
112
112
112
