123
121
120
119
118
118
118
119
121
123
124
122
118
115
113
113
114
116
119
119
120
119
119
0
0
0
0
0
0
0
0
0
0
354
354
354
354
355
357
0
0
0
0
0
0
0
0
0
0
0
0
0
0
0
183
183
183
183
183
182
180
177
175
173
170
168
166
164
161
159
157
155
154
152
150
148
146
143
141
138
134
131
127
124
119
112
103
94
89
87
89
93
104
118
129
134
138
142
145
148
148
148
146
142
135
127
120
115
110
105
103
104
105
107
108
109
110
110
110
110
108
105
102
100
100
100
101
102
104
105
107
108
107
105
104
102
100
127
154
154
153
153
152
151
150
149
148
147
145
144
141
138
135
131
127
123
120
116
113
108
103
99
96
95
95
97
101
106
111
115
117
116
114
111
108
105
103
102
100
98
97
97
97
97
97
97
97
96
95
94
94
93
93
93
93
92
91
90
90
89
88
87
86
85
85
85
85
85
0
0
0
0
0
0
0
0
0
0
114
114
115
117
120
124
125
123
120
116
114
112
110
108
109
111
112
113
113
113
