57
58
60
63
66
71
80
94
107
117
119
115
106
93
85
82
81
82
82
82
82
0
0
0
0
0
0
0
0
0
0
0
0
0
0
0
0
134
134
134
134
134
135
136
137
137
138
138
138
138
138
139
139
140
142
143
144
146
148
150
151
151
149
146
141
139
136
134
0
0
0
0
0
0
0
0
0
164
165
167
169
174
177
180
180
180
180
178
175
172
168
164
157
150
145
142
141
0
0
0
0
0
0
0
0
0
0
170
169
168
166
163
157
148
136
122
110
104
103
104
105
108
0
0
0
0
0
0
0
0
114
114
114
114
114
114
114
115
115
116
116
116
117
116
116
114
113
111
111
111
114
120
130
140
147
150
151
151
150
148
146
144
143
140
136
131
129
131
136
139
140
141
141
0
0
0
0
117
116
115
114
113
112
111
109
108
106
104
101
98
96
95
95
97
101
104
105
106
108
0
0
0
0
0
0
144
144
145
146
146
147
146
146
145
143
140
138
136
135
134
132
127
120
114
108
101
92
84
78
77
79
83
88
91
92
92
92
92
91
90
90
89
89
88
87
87
86
85
0
0
0
0
0
0
0
0
0
0
0
0
0
0
0
0
0
0
0
0
0
0
0
0
0
0
0
0
0
0
115
113
112
112
112
112
112
112
109
100
89
82
80
80
80
81
81
82
83
84
86
91
99
106
110
111
111
