0
0
0
0
0
0
0
0
0
0
0
0
0
0
0
0
0
0
0
0
0
0
0
0
0
0
0
0
0
0
0
0
0
0
0
0
0
0
0
0
0
0
0
0
0
0
0
0
0
0
0
0
0
140
141
144
148
154
161
166
171
175
178
180
181
177
171
166
163
163
162
160
154
146
139
136
135
135
134
133
129
122
117
112
108
0
0
0
184
183
181
179
175
171
169
168
170
172
175
176
176
173
167
157
146
136
129
124
121
119
117
117
117
117
118
119
119
119
118
117
117
117
117
118
119
121
123
127
131
135
138
142
145
147
149
149
149
147
144
142
140
139
137
134
132
130
128
125
124
123
122
0
0
0
0
0
0
0
0
0
0
0
0
0
0
0
0
0
148
148
148
148
147
147
146
145
142
138
133
129
128
129
133
136
137
138
138
0
0
0
0
0
0
116
114
112
111
110
109
108
107
105
103
101
101
101
101
0
0
0
0
0
0
0
164
162
160
159
155
151
145
138
135
131
129
0
0
0
0
0
0
0
0
0
0
124
124
122
120
116
111
107
103
100
98
96
95
94
96
100
102
103
104
104
104
105
106
107
108
110
111
112
113
115
116
118
122
126
130
133
133
133
133
133
131
128
124
118
112
107
103
101
99
98
97
96
96
95
95
95
0
0
0
0
0
0
0
0
0
0
0
0
0
0
0
0
0
0
0
0
0
110
110
110
110
110
111
111
112
111
111
110
110
109
108
106
103
100
97
97
99
102
103
105
105
0
0
0
0
0
0
0
154
154
153
152
150
147
143
138
134
131
130
130
130
130
128
125
122
119
116
112
109
107
105
104
103
102
101
100
99
99
98
99
101
104
105
107
108
0
0
0
152
151
150
149
147
145
142
139
136
133
129
126
122
117
111
105
99
95
92
90
89
88
88
87
87
87
86
86
86
86
86
0
0
0
0
0
0
0
0
0
0
0
0
0
0
73
73
73
74
73
73
73
74
75
74
73
68
63
59
58
57
57
57
58
59
62
66
70
70
67
61
58
55
