0
0
0
0
0
0
0
0
0
0
0
0
0
0
0
0
0
0
0
0
0
0
0
0
0
0
0
0
0
0
0
0
0
0
0
0
0
127
127
127
127
127
127
129
132
135
138
141
145
147
151
157
165
172
176
179
181
183
185
186
187
188
188
187
184
179
174
169
163
157
151
146
142
141
140
139
137
134
133
131
131
0
0
0
0
0
0
0
0
0
0
0
0
0
0
0
0
0
176
175
174
174
172
171
170
167
163
158
152
147
142
136
129
123
118
113
111
109
109
109
107
105
103
102
101
101
101
102
103
104
104
106
112
123
135
144
149
152
151
150
148
145
142
139
136
134
133
132
132
0
0
0
0
0
0
0
0
0
0
0
0
0
0
0
0
0
0
154
154
153
153
150
147
144
142
139
135
131
128
126
124
121
118
116
116
119
129
142
149
143
130
119
112
108
106
104
104
103
103
103
102
102
102
102
102
102
0
0
0
0
0
0
0
0
0
0
149
149
149
148
148
148
148
147
145
143
141
139
136
133
129
124
120
116
112
108
105
102
100
98
96
95
94
94
93
93
0
0
0
96
97
99
100
103
104
105
105
105
105
105
105
106
0
0
0
0
0
0
0
0
0
0
0
0
0
0
0
0
0
0
168
168
168
167
167
165
164
162
160
158
156
154
153
152
151
150
148
145
142
139
137
134
131
127
124
122
120
118
117
116
116
115
114
114
114
114
114
114
115
118
125
138
151
160
163
164
163
161
158
154
153
155
158
160
161
162
162
0
0
0
111
111
113
115
118
121
121
121
119
116
112
110
108
107
106
104
103
101
99
98
97
98
99
100
103
107
112
118
126
134
141
147
150
151
149
146
141
135
129
124
121
120
120
122
124
126
127
127
125
122
118
115
112
110
106
101
94
87
79
72
67
63
61
58
57
56
55
55
0
0
0
0
0
0
0
136
138
140
142
144
145
145
145
144
143
140
137
134
128
122
117
112
107
102
98
95
92
90
89
87
86
85
85
85
0
0
0
0
0
0
0
0
0
0
0
0
0
0
0
0
0
0
0
0
0
0
0
0
0
0
0
0
0
0
0
0
0
0
0
0
0
