0
0
0
0
0
0
0
0
0
0
0
0
0
0
0
0
0
0
0
0
0
0
0
0
0
0
0
0
0
0
0
0
0
0
0
187
188
189
189
191
192
193
193
191
187
183
178
174
172
170
168
165
160
155
150
146
143
140
139
138
136
134
132
130
127
123
120
118
118
121
126
133
141
149
157
163
168
170
170
169
165
159
153
147
141
135
130
125
122
119
116
113
111
109
107
107
107
107
107
106
105
104
104
104
104
104
104
104
104
105
109
115
119
119
117
116
116
116
117
117
116
115
114
113
112
112
112
112
112
113
114
114
115
116
119
121
124
126
128
132
137
143
149
153
156
157
157
156
154
151
147
143
139
136
134
130
126
121
117
115
115
114
114
115
115
115
116
116
116
116
117
120
125
132
140
145
148
149
148
146
144
142
139
136
132
129
126
123
121
119
117
114
109
105
101
99
98
97
0
0
0
0
121
120
120
120
120
120
121
122
122
122
121
120
119
121
126
133
139
143
145
145
144
142
139
135
132
130
127
125
123
123
122
120
118
117
116
115
114
114
114
114
114
0
0
0
0
0
0
0
172
172
171
170
169
166
163
158
153
148
142
136
133
132
132
131
131
128
124
118
113
110
109
108
107
106
106
106
106
0
0
0
0
0
0
0
0
0
0
0
161
161
161
160
160
158
154
149
143
136
128
121
118
116
115
0
0
0
0
0
0
0
0
0
0
0
0
0
110
109
108
106
104
103
102
102
102
0
0
0
0
0
0
114
114
115
115
115
115
113
111
114
126
143
155
157
154
148
141
134
128
121
115
109
103
99
95
91
86
82
81
87
96
102
105
104
104
104
103
103
0
0
0
0
0
0
0
0
0
0
0
0
0
0
111
111
112
114
117
119
119
117
115
112
110
108
107
