0
0
0
0
0
0
0
0
0
0
0
0
0
0
0
0
0
0
0
0
0
0
0
0
0
0
0
0
0
0
0
0
0
0
0
0
0
0
0
0
139
139
139
139
138
138
138
139
139
141
142
142
143
143
144
145
146
146
145
143
141
140
139
0
0
0
0
0
0
136
135
134
133
131
129
125
121
118
115
114
112
111
109
108
108
109
110
112
112
113
115
0
0
0
0
0
146
145
145
144
142
139
136
133
132
130
129
128
127
125
124
122
120
119
119
118
118
118
118
118
119
121
123
125
127
129
131
131
131
131
131
130
129
128
128
127
125
124
122
121
119
117
115
113
111
111
110
110
109
109
109
110
113
119
125
130
133
134
135
135
135
134
134
133
132
130
128
125
121
111
98
88
85
87
90
94
97
98
96
92
86
80
76
72
70
70
72
77
84
91
94
95
95
94
94
93
92
92
93
94
96
98
101
101
99
98
95
93
0
0
0
0
0
0
0
106
106
107
109
112
116
118
122
125
128
129
129
129
129
129
129
129
129
129
129
129
125
113
97
84
80
79
79
78
