0
106
0
0
0
0
0
0
0
0
0
0
0
0
0
0
0
0
0
0
0
0
0
0
0
0
0
0
0
0
0
0
0
0
0
0
0
0
0
0
0
136
134
133
133
133
133
136
140
147
154
160
166
170
173
174
171
166
161
158
158
159
160
165
0
0
0
0
0
186
185
184
183
182
180
178
177
175
174
174
174
175
177
177
178
179
180
181
182
182
181
179
175
172
170
170
172
175
177
178
177
174
171
167
163
157
148
139
131
123
117
111
105
101
98
99
102
107
112
115
117
119
123
127
131
133
134
135
135
135
134
132
131
130
129
0
0
0
0
0
0
0
0
0
0
0
0
0
0
116
116
116
116
116
116
116
116
116
116
116
116
116
116
116
116
116
114
113
113
112
110
109
106
