114
114
114
113
113
112
111
111
111
111
112
112
112
114
114
114
113
112
111
110
110
110
110
110
110
110
0
0
0
0
0
0
0
0
0
0
0
0
0
0
0
0
0
0
0
213
213
213
213
214
216
217
217
216
216
216
216
216
215
215
212
207
200
190
177
162
148
140
137
136
137
140
145
150
155
160
163
162
159
154
151
147
145
142
140
139
136
134
132
130
128
126
124
123
121
121
120
119
119
118
117
117
117
117
117
117
117
119
123
128
132
133
133
132
131
130
129
129
129
129
130
132
136
140
146
151
156
160
163
165
165
162
158
154
150
147
142
136
131
129
130
134
138
141
141
141
141
140
140
139
138
137
136
135
134
134
134
134
134
0
0
0
0
0
0
0
0
0
0
0
0
0
0
0
0
0
0
0
0
0
0
177
176
175
174
172
171
169
169
168
168
166
162
156
151
148
146
145
0
0
0
0
0
0
120
118
116
114
111
107
105
104
103
103
0
0
114
114
115
116
115
113
108
102
97
94
92
90
87
86
85
85
84
83
80
76
73
72
72
72
0
0
0
0
0
0
0
0
0
0
0
0
0
0
0
0
0
0
0
0
0
0
0
0
0
0
0
0
0
0
0
0
0
