0
0
0
0
0
0
0
0
0
0
0
0
0
0
0
0
0
0
0
0
0
0
0
0
0
0
0
0
0
0
0
0
0
0
0
0
0
0
0
127
127
125
123
122
119
117
0
0
0
0
0
0
0
0
0
135
133
132
131
128
127
126
125
123
121
119
116
112
106
97
86
77
72
69
69
69
76
97
125
147
157
160
162
164
165
166
166
165
162
159
157
154
152
149
145
142
140
141
144
152
161
170
174
173
169
163
157
151
147
143
135
126
119
118
123
132
139
142
144
144
0
0
0
0
0
0
0
0
178
176
174
172
168
163
157
152
147
142
136
130
126
124
122
120
119
117
115
114
112
112
112
112
112
113
114
115
116
118
119
120
120
121
121
122
124
126
130
135
140
144
146
147
146
141
133
123
114
108
105
102
101
99
99
99
99
99
99
0
0
0
0
0
123
123
124
124
125
125
126
126
127
129
130
131
132
132
133
134
134
134
134
133
132
130
129
129
130
130
130
130
131
132
135
137
139
140
140
140
138
134
130
126
123
120
117
113
107
100
94
91
89
89
89
89
89
89
89
89
89
89
89
89
89
89
0
0
0
0
0
0
0
0
0
0
0
0
0
0
0
0
0
0
0
0
112
112
112
113
113
114
115
116
117
118
117
115
114
113
111
111
111
111
114
117
119
121
