113
115
117
121
124
126
128
131
0
0
0
0
0
0
0
0
0
0
0
0
0
0
0
0
0
0
0
0
0
0
0
165
165
166
167
168
168
168
168
167
164
162
160
158
156
154
152
150
147
143
139
135
132
130
126
123
121
118
115
111
107
103
101
101
102
103
104
105
0
0
0
0
0
0
170
168
167
165
162
156
149
145
141
139
0
0
0
0
0
0
0
0
0
0
0
0
0
0
0
114
113
112
111
109
107
104
101
99
98
100
103
106
108
110
111
111
112
112
0
0
0
0
0
0
0
0
0
0
0
149
148
147
146
145
145
144
143
141
138
134
128
123
117
115
113
112
0
0
0
0
118
117
116
115
111
108
105
104
103
102
103
104
104
104
103
103
105
108
112
115
116
117
122
133
147
158
161
158
154
148
141
136
133
133
133
133
133
133
0
0
0
86
86
88
91
99
108
115
118
118
119
118
117
116
114
112
110
108
107
104
100
98
95
93
0
0
0
0
0
0
0
0
121
120
119
118
117
116
114
114
114
114
114
114
0
0
0
0
0
136
139
142
145
149
150
150
149
147
144
141
137
131
126
120
114
109
105
102
99
97
94
92
90
89
88
87
86
86
87
87
88
88
0
0
0
0
0
0
0
0
0
0
0
0
0
0
0
0
0
0
0
0
0
0
115
115
116
117
117
117
116
