0
0
0
0
0
0
0
0
0
0
0
0
0
0
0
0
0
0
0
0
0
0
0
0
0
0
0
0
0
0
0
0
157
158
158
158
158
156
154
151
149
149
151
153
154
154
153
151
149
148
148
148
147
146
145
143
142
140
139
138
137
137
136
136
135
134
134
133
133
133
133
134
136
138
140
143
147
151
156
159
161
161
161
159
156
153
149
146
142
137
134
131
130
128
126
126
128
133
139
143
145
143
135
126
117
113
113
114
115
116
117
118
119
121
124
127
129
131
134
136
140
143
147
150
152
153
155
155
156
157
157
157
157
157
157
157
156
155
153
152
151
150
149
147
146
145
144
143
142
141
140
138
137
137
137
139
141
145
148
150
150
150
149
147
145
144
142
141
139
136
133
130
127
123
119
114
110
106
103
100
99
98
98
97
