0
0
0
0
0
0
0
0
0
0
0
0
0
0
0
0
0
0
0
0
0
0
131
130
130
129
126
119
112
108
108
111
115
119
121
122
123
122
122
122
0
0
0
0
0
162
162
162
161
160
159
158
157
156
155
154
153
151
150
148
147
145
142
136
127
118
112
110
110
110
0
0
0
0
0
0
0
152
153
154
154
156
158
162
165
167
168
168
168
168
167
167
167
167
166
166
165
164
163
161
158
157
159
161
163
164
164
164
0
0
0
0
0
0
0
178
177
176
175
174
172
170
169
167
165
161
157
152
148
144
141
137
134
130
126
121
117
117
120
123
125
126
126
129
135
141
145
147
147
148
148
0
0
0
0
0
0
0
0
0
0
0
0
0
146
146
146
146
146
147
146
146
145
144
142
140
139
136
133
131
130
129
0
0
0
0
0
0
0
118
117
117
116
114
113
111
110
109
108
106
103
101
99
98
113
121
118
116
116
115
117
119
121
123
124
124
125
124
124
121
118
113
109
107
107
110
115
118
119
119
119
120
121
124
128
133
137
140
143
145
145
145
144
141
137
133
126
118
110
103
99
95
91
89
87
86
0
0
0
0
0
0
0
0
0
0
0
0
0
0
0
0
0
0
0
0
0
0
0
0
0
0
0
0
0
0
0
0
0
0
0
0
0
0
0
0
0
0
0
0
0
0
0
0
0
0
0
0
0
