0
0
0
0
0
0
0
0
0
0
0
0
0
0
0
0
0
0
0
0
0
0
0
0
0
0
0
0
0
0
0
0
0
151
151
153
155
159
164
167
169
171
173
173
174
174
171
162
150
135
124
118
118
124
133
143
152
157
161
164
165
165
165
163
161
158
155
152
148
143
139
135
132
130
128
127
127
126
126
126
127
128
130
131
132
132
130
127
121
111
100
92
88
87
90
100
115
126
131
131
131
130
128
127
126
124
121
119
117
115
113
111
109
106
104
101
98
94
90
89
88
87
0
0
0
0
0
0
159
157
156
155
153
151
149
147
144
140
137
136
135
135
0
0
0
0
0
0
0
0
0
0
0
0
0
159
158
157
154
150
145
142
139
137
134
132
129
126
123
121
120
119
119
120
121
123
124
125
125
126
125
119
118
117
116
113
109
105
103
102
103
105
107
109
108
106
104
104
106
108
109
110
111
0
0
0
149
149
148
147
145
142
139
134
129
125
122
120
0
0
0
0
130
130
129
129
127
123
118
116
113
112
0
0
0
0
0
133
133
133
133
133
133
133
134
134
137
139
141
142
141
140
139
137
135
134
132
129
125
120
116
114
112
112
0
0
0
0
0
103
102
101
100
98
95
92
90
89
89
88
88
87
86
86
85
85
85
0
0
0
0
0
0
0
0
0
0
0
0
0
0
0
0
0
0
0
0
0
0
0
0
0
0
0
0
0
0
0
0
0
0
0
0
0
0
0
0
0
