0
0
0
0
0
0
0
0
0
0
0
0
0
0
0
0
0
0
0
0
0
0
0
0
0
0
0
0
0
0
0
0
0
0
0
0
0
0
0
0
0
0
0
158
157
156
156
157
162
169
175
178
179
179
180
179
179
177
175
172
169
166
163
160
158
159
162
168
174
178
179
179
176
170
162
154
148
144
141
137
132
128
127
126
125
123
121
125
142
165
180
183
180
176
172
169
168
167
165
163
158
153
148
145
145
145
145
145
145
0
0
0
0
0
0
0
0
0
0
0
0
0
0
0
0
0
0
0
0
0
0
0
176
176
175
174
171
165
157
147
138
128
120
115
114
113
111
109
106
104
104
105
107
109
110
110
110
109
107
105
103
102
103
105
109
110
112
113
0
0
0
0
0
145
145
146
147
147
147
145
143
140
138
136
135
0
0
0
0
0
0
0
0
161
161
160
159
156
153
151
149
147
145
144
144
144
145
146
147
147
147
148
148
148
148
148
148
148
147
144
140
137
135
135
135
0
0
0
0
0
0
0
0
0
0
0
156
155
155
154
153
151
146
141
137
135
134
134
135
135
133
130
126
122
118
116
113
110
107
106
106
107
109
110
111
111
112
113
114
115
116
118
121
124
126
127
127
128
129
130
132
133
134
134
135
134
134
133
132
130
129
128
128
128
129
129
129
127
124
122
120
120
122
125
130
134
139
145
150
155
157
158
157
154
150
145
140
134
128
119
110
101
93
87
84
83
83
83
83
83
82
82
82
82
81
82
82
82
0
0
0
0
0
0
0
0
0
0
0
0
0
0
0
0
0
0
0
0
0
0
0
0
0
0
0
0
0
0
0
0
0
0
0
0
0
