0
107
0
0
0
0
0
0
0
0
0
0
0
0
0
0
0
0
0
0
0
0
0
0
0
0
0
0
0
0
0
0
0
0
0
0
0
0
0
0
475
474
473
473
472
472
472
0
0
0
0
0
0
0
0
0
0
183
183
182
182
180
175
169
165
165
169
172
174
175
176
168
157
155
154
152
149
147
146
145
145
145
145
145
143
142
140
139
139
139
139
140
140
141
141
141
141
140
140
138
137
135
134
132
130
128
125
124
122
121
0
0
0
0
0
0
149
149
150
151
152
154
155
155
155
155
154
153
151
149
145
141
134
127
119
113
108
105
102
100
99
98
97
97
97
96
95
94
93
92
0
0
0
0
0
0
81
81
82
86
94
102
108
109
108
108
107
107
107
106
106
103
100
96
93
94
96
99
102
105
108
111
113
114
114
114
115
117
119
120
121
121
122
123
124
125
126
127
128
128
130
133
135
137
138
139
139
139
139
138
137
135
134
133
133
133
133
133
133
132
132
130
127
123
119
116
111
104
97
91
90
91
93
96
101
105
106
105
101
96
94
98
104
108
110
110
110
109
108
106
106
105
105
104
103
103
103
105
108
111
115
120
124
127
128
128
129
130
130
131
131
132
132
132
134
136
138
140
140
140
139
137
134
129
121
114
112
115
120
124
129
136
145
151
153
152
152
152
151
152
152
152
152
152
152
152
152
151
150
148
146
143
142
141
141
0
0
0
0
0
0
0
0
0
0
0
0
0
0
0
0
0
0
0
0
0
0
0
0
0
