0
0
0
0
0
0
0
0
0
0
0
0
0
0
0
0
0
0
0
0
0
0
118
117
117
117
116
115
115
115
115
116
117
0
0
0
0
136
133
131
131
130
130
0
0
0
0
0
0
0
0
133
130
127
125
120
116
113
112
111
111
112
112
112
113
113
113
113
113
117
132
152
166
171
170
168
166
164
163
163
163
163
163
164
164
164
164
164
163
160
156
152
148
145
140
136
134
132
131
130
129
128
127
125
124
123
123
0
0
0
122
122
123
125
128
131
136
141
146
149
150
151
151
151
151
152
152
152
150
148
144
139
137
134
132
0
0
0
0
0
0
0
91
90
90
89
88
87
86
86
86
86
88
91
94
98
101
102
103
103
104
104
104
103
103
103
103
103
104
106
109
113
116
119
121
121
120
118
117
116
115
114
111
108
105
102
99
96
93
92
93
97
101
104
107
108
106
101
96
92
93
96
99
102
103
104
105
106
107
109
111
114
116
117
118
118
119
118
117
117
116
115
0
0
0
0
0
0
0
0
0
0
0
0
121
120
120
119
116
112
107
104
103
103
103
104
106
0
0
0
0
0
0
0
0
0
0
127
127
127
126
126
125
123
122
121
118
112
103
96
92
89
87
85
82
78
74
70
67
66
64
63
0
0
0
0
0
109
109
109
109
110
110
110
111
111
108
99
88
80
77
76
76
75
75
74
75
79
88
99
107
110
110
110
