0
0
0
0
0
0
0
0
0
0
0
0
0
0
0
0
0
0
0
0
0
0
0
0
0
0
0
0
0
0
0
0
0
0
0
0
0
0
0
0
0
0
0
0
0
0
0
0
0
0
0
0
0
0
125
125
127
129
132
136
142
148
153
157
159
162
163
164
164
164
164
164
164
163
160
155
148
145
142
140
0
0
0
0
0
0
0
0
141
140
138
135
130
125
123
121
120
119
118
117
116
114
113
112
111
109
106
103
101
101
101
101
104
109
116
123
127
129
129
128
128
128
128
0
0
0
0
0
0
0
0
0
0
0
0
0
138
138
137
136
134
133
132
132
133
133
133
131
131
129
128
0
0
0
0
0
163
161
160
158
152
145
138
130
124
118
111
106
103
101
101
100
98
96
95
95
95
95
95
94
92
87
84
81
79
0
0
0
0
0
0
0
0
0
0
0
0
0
0
0
0
0
0
0
0
0
0
0
0
0
0
0
0
0
0
0
0
0
0
0
0
0
0
0
0
0
0
0
