0
0
0
0
0
0
0
0
0
0
0
0
0
0
0
0
0
0
0
0
0
0
0
0
0
0
0
0
0
0
0
0
0
0
0
0
0
0
0
0
0
0
0
0
0
0
0
0
0
0
0
0
0
0
174
174
173
173
172
171
170
169
168
167
165
163
160
155
150
148
146
145
0
0
0
0
0
0
0
0
0
0
171
170
169
169
166
162
154
145
138
132
129
126
122
119
117
116
116
116
117
119
123
129
134
138
139
139
139
138
136
135
133
131
129
125
121
117
115
113
111
108
105
103
101
100
0
0
0
0
0
121
119
116
114
109
105
103
102
101
100
99
97
96
96
95
95
94
94
94
94
94
95
94
94
94
94
94
94
94
95
95
96
96
97
97
98
98
98
99
100
99
99
98
98
268
439
439
439
439
439
0
0
0
128
127
127
126
125
124
122
121
120
118
117
116
115
113
110
108
106
104
102
100
97
95
95
96
97
105
123
145
161
166
166
166
166
166
167
167
167
163
153
142
135
132
131
129
126
124
123
123
123
123
123
123
123
123
124
124
124
125
125
126
126
126
126
125
124
124
122
121
118
117
116
117
117
117
118
118
119
118
117
115
112
109
106
106
108
111
113
114
114
114
114
114
115
116
117
118
118
118
117
115
113
111
109
107
105
103
102
100
98
94
90
85
82
81
81
81
81
81
81
83
86
90
92
94
95
98
101
104
106
106
106
104
102
101
99
98
97
97
98
100
103
106
109
113
117
121
125
128
130
130
130
129
129
130
131
131
132
132
133
134
135
135
136
138
0
0
0
0
86
86
87
87
87
87
87
87
0
0
0
0
0
0
0
0
0
0
0
0
0
0
420
425
430
433
438
438
436
430
421
416
411
406
0
0
0
0
0
0
0
0
0
0
0
0
0
0
0
0
0
0
0
0
0
110
110
110
111
113
114
114
115
115
0
0
0
0
0
0
0
0
0
0
0
0
0
0
0
0
0
0
