0
0
0
0
0
0
0
0
0
0
0
0
0
0
0
0
0
0
0
0
0
0
0
0
0
0
0
0
0
0
0
0
0
0
0
0
0
0
0
0
0
0
0
0
0
0
0
0
0
0
0
0
159
159
160
161
162
163
165
166
168
168
168
166
164
161
160
159
158
158
158
159
160
160
159
156
152
146
137
128
123
119
116
0
0
0
0
0
0
0
0
0
0
118
117
116
114
111
109
107
108
111
118
126
133
138
140
141
141
141
141
140
139
138
136
135
134
133
132
130
128
125
122
120
119
118
118
117
117
117
117
117
116
116
117
118
125
137
150
158
159
157
153
148
144
141
140
140
125
111
112
113
115
117
118
115
112
108
106
103
99
93
87
84
83
83
83
83
83
0
0
0
0
0
0
0
0
0
0
0
0
0
0
0
121
120
118
116
113
111
111
110
110
109
107
106
105
105
105
105
105
107
110
113
116
118
119
118
116
113
111
110
110
109
107
106
106
106
106
0
0
0
141
141
142
142
142
142
142
141
138
134
129
122
114
104
96
92
90
90
90
91
95
102
109
114
116
116
117
118
119
118
116
115
113
110
106
103
102
100
98
97
95
92
89
87
85
85
86
86
87
88
88
89
90
92
96
99
101
102
103
103
101
96
91
86
84
84
87
90
93
95
98
100
103
105
108
109
109
110
110
110
110
112
116
121
124
126
128
128
129
129
128
128
127
127
0
0
0
0
0
0
0
96
94
93
92
90
88
89
94
102
108
110
109
109
109
109
109
109
110
109
106
101
97
95
93
92
91
91
90
91
91
92
93
93
93
92
91
90
90
89
89
88
88
89
0
0
0
0
0
0
0
0
0
0
0
0
0
0
130
130
130
129
129
129
129
129
129
129
129
130
130
131
132
135
138
140
142
142
141
139
136
133
131
129
128
0
0
0
0
0
0
0
0
0
0
0
0
0
0
0
0
0
0
0
0
0
0
0
0
0
0
0
0
0
0
0
0
0
0
0
0
0
0
0
0
0
0
0
