0
0
0
0
0
0
0
0
0
0
0
0
0
0
0
0
0
0
0
0
0
0
0
0
0
0
0
0
0
182
180
178
175
169
163
159
156
154
0
0
0
0
0
0
0
168
166
164
160
154
151
147
146
0
0
0
0
0
0
0
0
0
0
174
172
170
168
163
159
155
151
147
141
134
126
118
110
103
99
97
97
97
97
99
102
104
107
109
110
112
113
113
114
116
118
121
125
128
132
135
138
140
142
145
147
148
149
148
145
141
138
137
136
136
136
136
136
134
131
126
120
113
108
105
105
107
110
112
113
112
111
110
111
114
121
129
137
142
145
144
140
133
123
114
105
98
92
88
87
86
86
0
0
0
0
0
0
0
0
0
0
0
0
0
0
0
0
0
0
0
0
103
104
105
106
108
109
109
108
106
102
98
95
96
98
103
107
110
110
109
109
109
110
111
111
112
113
113
113
113
114
117
120
123
126
128
129
130
131
132
132
131
128
125
121
119
117
116
0
0
0
0
0
0
0
0
0
0
0
0
0
0
93
90
88
86
83
81
80
79
79
78
77
77
80
90
103
112
115
115
115
115
115
114
114
113
112
112
112
112
112
113
115
0
0
0
0
0
0
0
0
0
0
0
0
0
0
0
0
0
0
0
0
0
134
133
133
134
134
136
139
140
141
141
139
138
136
133
131
129
128
127
126
126
128
131
134
136
136
135
134
132
130
127
125
123
122
121
119
117
115
113
110
107
105
106
112
121
130
134
135
134
131
129
126
123
120
117
113
109
104
100
97
96
96
99
103
108
111
112
112
111
110
108
108
109
111
111
111
109
106
102
99
98
100
103
107
111
114
118
120
121
121
121
120
119
117
115
115
114
114
113
113
114
116
117
117
117
117
117
117
116
116
115
113
112
112
112
112
113
113
113
114
114
113
113
113
112
112
112
112
112
113
114
116
117
118
120
120
121
122
122
122
122
122
121
120
119
119
0
0
0
0
0
0
0
0
0
93
91
90
89
87
85
84
83
83
83
83
83
82
82
81
80
81
84
89
94
96
97
97
94
91
88
88
88
89
89
89
88
87
87
88
90
92
93
94
95
97
99
100
102
104
106
109
111
114
116
118
120
122
125
129
132
134
136
137
138
139
139
138
136
133
130
126
121
115
111
111
113
116
120
122
123
123
124
124
123
121
117
113
111
110
111
112
114
117
118
118
117
