0
0
0
0
0
0
0
0
0
0
0
0
0
0
0
0
0
0
0
0
0
0
0
0
0
0
0
0
0
0
0
0
0
0
0
0
0
0
0
0
0
0
0
0
0
0
0
149
150
152
153
156
159
159
158
157
156
155
154
154
154
154
155
156
157
158
158
158
155
152
149
147
146
0
0
0
0
0
0
0
0
145
144
144
143
141
138
134
131
128
125
123
120
118
117
117
117
116
116
116
115
115
115
116
116
117
119
121
124
128
131
134
135
136
136
135
134
132
131
129
128
128
127
126
126
125
124
123
123
122
121
120
120
120
120
122
123
125
126
127
128
129
129
129
129
129
128
128
127
127
126
125
124
122
120
119
118
117
116
114
113
112
110
109
109
109
110
112
115
118
121
124
127
129
130
131
133
135
135
135
135
135
135
134
129
120
108
100
98
98
99
100
100
99
97
93
88
82
77
73
71
71
72
73
75
75
76
76
86
96
96
96
95
95
94
94
94
95
96
97
98
99
100
101
102
102
100
96
94
92
91
0
0
0
0
0
0
0
100
99
98
98
97
96
93
92
90
88
0
0
0
0
0
0
0
0
0
0
111
111
111
111
112
113
115
117
118
117
116
115
114
113
113
112
111
110
109
