0
0
0
0
0
0
0
0
0
0
0
0
0
0
0
0
0
0
0
0
0
0
0
0
0
0
0
0
0
0
0
0
0
0
0
0
0
0
0
0
0
0
0
0
0
138
137
137
138
138
140
143
147
151
155
160
165
171
174
177
177
176
174
172
170
169
170
170
171
172
0
0
0
188
188
187
187
185
183
181
179
177
175
173
172
172
172
173
173
174
175
176
176
176
175
174
172
171
170
169
168
167
168
170
173
176
178
179
180
179
179
176
173
168
161
153
142
131
120
111
102
95
90
87
86
86
88
91
94
98
101
102
103
104
105
108
114
120
125
127
127
126
124
122
122
123
124
126
126
126
126
126
125
124
122
122
122
121
121
120
120
119
119
119
119
119
119
120
120
119
118
116
115
112
108
100
91
86
83
82
80
