0
82
0
0
0
0
0
0
0
0
0
0
0
0
0
0
0
0
0
0
0
0
0
0
0
0
0
0
0
0
0
0
0
0
0
0
0
0
0
0
0
0
0
0
0
0
0
0
0
0
183
183
183
183
183
184
186
188
190
190
187
183
174
162
151
146
143
143
0
0
0
0
0
0
0
0
0
0
0
166
163
161
159
155
152
148
143
138
132
126
121
117
115
115
115
116
116
116
116
115
114
113
111
108
105
102
101
100
99
101
104
106
109
111
113
117
124
136
147
154
155
154
153
152
149
145
138
129
120
115
112
110
108
106
106
106
106
106
105
104
104
105
107
110
112
112
113
113
0
0
0
165
162
161
160
160
159
158
156
153
149
145
142
140
139
138
135
132
128
126
125
125
125
125
125
126
128
130
129
127
123
120
118
115
112
108
105
102
99
98
97
97
98
99
100
101
0
0
0
0
0
0
0
0
0
116
116
115
115
115
115
115
115
116
117
118
118
118
118
119
0
0
0
0
0
0
0
0
0
0
0
167
165
164
164
163
162
162
162
162
162
160
159
157
154
149
144
137
131
125
119
116
114
113
0
0
0
0
0
0
0
0
0
0
0
96
96
96
96
95
95
94
93
91
89
88
87
87
87
88
90
91
92
92
92
93
93
92
92
91
90
90
90
91
92
93
96
101
107
111
113
114
114
114
114
113
112
112
112
112
112
112
113
114
0
0
0
0
0
0
0
0
0
0
0
0
0
0
0
0
0
0
0
0
0
0
0
0
