0
0
0
0
0
0
0
0
0
0
0
0
0
0
0
0
0
0
0
0
0
0
0
0
0
0
0
0
0
0
0
0
0
0
0
0
0
0
0
0
0
0
130
129
129
127
124
121
119
117
0
0
0
0
0
0
0
0
0
0
0
152
153
156
159
165
169
170
171
171
172
173
174
175
175
175
175
174
172
168
164
159
154
151
150
151
155
159
162
164
164
159
144
125
115
122
140
154
160
160
159
159
158
157
155
153
149
144
138
132
126
120
114
109
105
102
100
100
99
98
98
99
99
99
99
99
0
0
0
0
0
0
0
0
0
0
0
0
0
0
0
0
0
143
143
142
142
140
137
133
129
124
117
106
94
86
84
84
87
94
103
110
114
117
119
120
120
120
120
120
120
119
118
118
118
119
121
124
128
133
138
144
149
152
153
153
151
148
144
141
137
133
127
121
116
111
107
105
104
102
99
93
86
79
76
76
80
85
91
97
102
106
109
111
113
115
116
116
116
116
115
115
114
113
112
111
110
110
109
110
111
112
113
116
121
127
131
134
136
137
139
142
147
158
172
186
193
193
190
186
181
176
172
171
171
171
171
169
160
144
127
117
114
114
115
115
115
0
0
0
0
0
0
0
0
0
0
0
0
0
0
0
0
0
0
0
0
0
