0
0
0
0
0
0
0
0
0
0
0
0
0
0
0
0
0
0
131
131
130
129
127
126
124
120
118
116
114
0
0
0
0
0
0
0
0
0
0
0
144
141
140
139
139
139
142
146
151
154
156
156
157
0
0
0
0
0
0
0
0
0
0
0
108
108
108
108
108
108
108
107
104
101
99
98
99
101
103
103
102
101
100
100
99
99
99
99
99
99
99
99
100
100
100
101
101
100
100
100
100
100
100
100
0
0
0
110
109
108
107
107
106
105
104
103
102
102
103
109
115
120
121
120
119
117
116
115
114
114
114
114
115
115
116
116
116
117
119
120
122
123
123
123
123
122
120
119
118
118
118
118
0
0
0
0
0
0
0
91
93
96
99
105
107
106
100
97
92
89
0
0
0
0
129
129
128
127
125
123
121
119
117
115
113
112
111
111
111
110
109
108
107
106
105
103
102
99
97
96
96
96
0
0
0
0
0
0
0
0
0
0
0
0
0
0
0
0
0
0
0
0
0
142
142
141
141
139
135
130
123
116
111
107
104
102
102
109
121
133
141
143
143
144
0
0
0
0
0
0
0
0
0
0
0
0
0
0
0
0
0
0
0
0
0
0
0
0
0
0
0
0
0
0
0
0
