0
0
0
0
0
0
0
0
0
0
0
0
0
0
0
0
0
0
0
0
0
0
0
0
0
0
0
0
0
0
0
0
0
0
0
0
0
0
0
0
0
0
0
169
168
168
168
167
167
165
162
158
155
152
148
145
141
139
137
136
137
143
150
158
164
167
168
167
164
159
154
149
146
143
140
136
132
128
124
119
114
109
105
101
100
100
102
105
109
113
114
114
114
112
110
109
108
107
107
107
107
107
107
106
106
106
106
105
104
102
101
102
103
103
104
104
104
0
0
0
132
132
132
132
132
132
132
132
132
132
130
127
123
117
112
107
102
96
91
88
85
83
80
81
88
99
108
113
114
116
116
117
117
117
0
0
0
0
412
411
410
410
410
410
0
0
0
0
0
0
0
0
0
0
0
0
0
0
0
0
0
0
0
0
0
0
0
