0
104
0
0
0
0
0
0
0
0
0
0
0
0
0
0
0
0
0
0
0
0
0
0
0
0
0
0
0
0
0
0
0
0
0
0
0
150
150
150
150
150
151
151
151
151
149
147
143
137
130
122
116
110
105
102
100
100
102
105
109
114
119
122
120
117
112
109
107
105
104
103
101
99
98
97
95
95
96
100
106
110
111
112
112
114
121
130
138
140
140
139
138
137
136
135
134
133
133
133
133
133
133
133
133
134
134
134
132
128
124
120
118
116
115
115
115
115
116
116
117
118
119
120
122
123
124
126
129
132
135
136
136
136
135
134
131
127
122
117
112
105
99
94
92
91
90
90
0
0
0
0
104
102
101
101
100
100
99
99
98
96
94
92
91
91
91
91
0
0
0
0
0
0
0
0
0
0
0
0
0
0
0
0
0
130
129
128
128
126
124
123
122
120
118
116
114
112
109
106
102
98
97
97
97
98
98
98
98
0
0
0
0
0
0
0
0
0
0
0
0
130
130
130
130
131
131
131
132
132
132
132
131
130
129
128
127
126
124
122
120
120
120
120
120
119
117
114
111
109
106
103
100
98
96
94
92
89
87
85
83
81
80
79
79
78
77
77
77
77
78
80
82
84
86
87
89
92
96
102
106
107
107
107
107
107
109
111
113
112
111
110
110
110
110
111
112
113
114
115
114
113
113
113
112
111
111
111
111
0
0
0
0
0
0
0
0
0
0
0
0
0
0
0
0
0
