0
113
0
0
0
0
0
0
0
0
0
0
0
0
0
0
0
0
0
0
0
0
0
0
0
0
0
0
0
0
0
0
0
0
0
0
0
0
0
0
0
0
112
109
108
107
107
107
109
112
113
113
115
119
124
127
128
128
127
125
122
119
116
114
113
112
114
120
129
141
152
162
168
171
172
172
173
173
173
173
173
173
172
170
168
165
161
158
156
156
156
155
155
153
152
149
147
144
141
139
136
135
134
133
132
130
128
126
125
124
0
0
166
166
166
166
166
165
163
162
161
160
159
158
157
156
154
151
147
142
136
130
126
121
118
115
112
110
108
107
105
104
104
104
104
104
105
105
105
106
106
108
110
112
113
113
113
112
110
107
106
107
110
112
114
115
115
116
115
114
113
112
113
0
0
0
0
0
0
0
0
0
0
0
0
0
0
0
0
122
122
122
123
123
123
124
125
129
134
138
139
140
141
143
143
144
144
143
143
141
137
135
132
129
0
0
0
0
0
0
0
0
0
0
145
145
144
144
143
142
141
139
137
135
132
128
123
118
115
111
105
100
97
95
95
0
0
0
0
0
0
0
0
0
0
0
0
0
0
0
0
0
0
0
0
0
0
0
0
0
0
0
0
141
137
134
133
130
129
129
128
128
127
127
127
127
126
126
125
123
121
119
118
117
116
116
115
115
115
115
115
114
112
110
108
107
106
106
106
106
107
107
107
108
109
110
111
113
115
118
121
125
128
131
133
135
139
144
149
154
161
168
173
176
178
180
182
184
184
184
184
184
182
180
177
175
176
177
178
180
0
0
0
0
0
0
0
0
0
0
0
0
0
0
0
0
0
0
0
0
0
0
0
0
112
112
112
112
112
111
111
110
110
