0
0
0
0
0
0
0
0
0
0
0
0
0
0
0
0
0
0
0
0
0
0
0
0
0
0
0
0
0
0
0
0
0
0
0
0
0
0
0
0
0
0
0
0
0
0
0
162
161
161
160
159
159
159
162
167
171
173
172
170
166
161
155
152
151
151
152
152
153
166
174
173
173
172
170
168
163
157
151
144
138
129
120
114
112
112
114
117
122
130
145
161
172
176
174
171
169
167
166
165
163
158
151
143
138
136
136
136
136
136
136
136
136
136
0
0
0
0
0
0
0
0
0
0
0
0
0
0
0
0
0
0
191
190
189
188
184
176
163
149
136
124
115
107
100
96
94
94
96
98
100
103
106
109
113
116
119
121
122
122
120
118
116
114
115
116
119
129
141
151
154
156
157
158
159
159
159
158
153
148
144
141
141
0
0
0
0
0
0
0
0
0
0
168
167
167
166
164
160
156
153
152
151
151
151
151
151
151
151
152
152
153
153
153
153
151
149
145
142
140
138
138
0
0
0
0
0
0
0
0
0
0
0
84
84
83
81
79
81
91
105
115
119
119
118
118
117
116
115
114
114
114
114
113
112
112
112
113
113
113
112
112
112
112
112
111
111
111
111
110
110
111
111
111
111
111
111
111
112
114
116
117
117
115
113
112
111
110
109
108
108
108
108
108
109
112
118
126
135
139
143
146
150
153
156
157
157
157
157
158
158
159
159
158
156
153
151
149
148
148
149
151
156
163
171
179
187
192
195
194
192
187
180
169
156
144
133
124
115
108
103
98
95
93
91
89
87
86
84
82
82
82
82
82
82
82
0
0
0
0
0
0
0
0
0
0
0
0
0
0
0
0
0
0
0
0
0
0
0
0
0
0
0
0
0
0
0
0
0
0
