0
0
0
0
0
0
0
0
0
0
0
0
0
0
0
0
0
0
0
0
0
0
0
0
0
0
0
0
0
0
0
0
0
0
0
0
0
0
0
0
0
0
0
0
0
0
265
260
256
252
244
238
234
231
228
223
217
210
204
201
200
202
207
215
223
230
234
235
235
235
233
230
226
218
205
191
181
178
178
176
170
163
155
147
141
136
133
132
132
132
132
132
133
133
134
136
138
142
146
149
151
151
151
151
151
151
152
152
152
152
152
151
151
150
149
149
149
151
154
159
162
164
165
167
169
170
171
171
171
171
172
172
172
171
170
168
167
167
168
170
171
171
171
170
170
170
170
170
171
172
174
176
178
180
183
186
192
198
205
210
212
213
212
209
204
196
185
173
160
148
136
125
115
110
108
107
107
110
114
119
124
130
136
142
147
149
150
150
150
151
0
0
0
0
0
0
0
0
0
0
0
0
0
0
0
0
0
0
0
0
0
0
0
0
0
0
0
220
219
219
218
218
218
219
221
224
226
226
227
227
0
0
0
0
0
