0
0
0
0
0
0
0
0
0
0
0
0
0
0
0
0
0
0
0
0
0
0
0
0
0
0
0
0
0
0
0
0
0
0
0
0
0
0
0
0
0
0
0
0
0
0
0
0
0
0
0
156
155
154
152
148
142
137
132
128
123
118
115
114
117
122
129
136
141
146
151
156
163
171
180
185
187
184
178
168
156
143
137
131
128
0
0
0
0
0
0
0
0
0
0
0
0
0
0
0
0
124
123
122
120
118
116
115
115
115
115
115
116
0
0
0
0
0
0
0
181
181
180
178
173
165
155
150
145
142
0
0
0
0
0
0
0
0
0
0
0
100
99
98
98
97
95
94
93
92
91
91
94
97
100
104
108
111
112
112
112
111
111
112
112
111
111
110
109
108
107
105
105
105
104
104
104
104
104
103
103
103
102
101
100
99
98
98
98
101
104
107
108
109
109
109
109
109
109
0
0
0
0
0
0
0
0
0
0
0
0
0
0
0
0
0
0
0
0
0
0
0
0
0
0
0
0
107
107
107
107
107
108
110
113
116
118
120
120
0
0
0
0
0
0
0
0
199
197
195
193
187
181
175
171
165
158
149
139
128
120
115
111
108
105
103
101
101
100
100
100
100
101
103
105
107
109
110
111
112
113
0
0
0
0
0
0
0
0
0
0
0
0
0
0
0
0
0
0
115
115
115
116
118
120
120
120
120
119
118
116
113
111
110
110
110
0
0
0
0
0
0
0
146
146
146
146
146
146
144
141
139
137
135
133
131
130
129
127
125
123
122
120
119
120
121
121
120
119
119
121
0
0
0
140
138
136
136
134
134
134
135
138
143
147
152
158
163
168
172
175
178
181
183
185
187
188
189
189
189
189
187
185
182
181
180
181
181
0
0
0
0
0
0
0
0
0
0
0
0
116
116
115
114
112
111
111
112
113
113
113
113
114
114
114
114
114
114
114
113
113
113
113
113
112
112
112
112
112
0
0
0
0
0
0
0
0
0
