0
0
0
0
0
0
0
0
0
0
0
0
0
0
0
0
0
0
0
0
0
0
0
0
0
0
0
0
0
0
0
0
0
0
0
0
0
0
0
0
0
0
0
0
0
0
0
0
114
114
114
114
116
122
134
148
159
166
165
159
154
150
150
151
156
164
172
175
174
170
165
160
156
153
151
149
148
147
143
138
134
131
131
134
137
139
138
134
131
127
123
0
0
166
167
168
168
169
169
167
165
161
158
154
152
151
151
150
147
141
133
125
120
117
116
114
112
110
108
106
104
100
97
94
93
94
96
98
98
99
99
0
0
127
126
125
124
122
120
117
114
110
102
95
90
88
88
0
0
0
0
0
0
0
0
0
0
105
103
102
102
101
101
100
100
0
0
0
0
0
0
0
0
0
0
0
0
0
179
178
177
175
173
170
168
165
163
161
159
158
156
152
146
140
135
130
127
124
123
122
121
118
116
115
113
109
102
95
91
90
91
92
94
98
101
103
105
109
113
116
117
118
121
124
129
133
136
138
138
139
139
141
142
143
143
142
139
136
132
127
123
120
119
118
117
115
113
110
108
107
106
106
0
0
0
0
0
0
0
0
0
152
151
150
148
145
141
139
140
144
148
150
150
149
148
147
147
0
0
0
0
0
0
0
0
0
0
129
128
125
123
118
114
111
109
107
105
104
102
101
100
99
98
97
98
0
0
0
0
0
0
0
0
0
159
158
156
155
152
150
148
148
147
146
146
145
145
144
141
138
135
130
125
121
117
114
112
110
109
108
107
107
106
106
105
105
104
103
103
103
103
103
103
103
102
101
100
100
100
101
102
0
0
0
0
0
0
0
128
128
129
130
131
132
134
137
139
141
144
147
149
151
152
151
149
145
138
130
122
115
109
103
98
96
95
94
94
95
95
95
95
94
0
0
0
0
0
0
0
0
0
0
0
0
0
0
0
0
0
0
0
0
0
0
0
0
0
0
0
0
0
0
0
0
0
0
0
0
0
0
0
0
0
0
0
0
0
0
0
0
0
0
0
0
0
0
0
0
0
0
