0
113
0
0
0
0
0
0
0
0
0
0
0
0
0
0
0
0
0
0
0
0
0
0
0
0
0
0
0
0
0
0
0
0
0
0
0
0
0
0
0
0
0
0
0
0
0
0
0
0
0
0
0
0
0
0
0
0
0
0
0
0
0
0
0
0
0
0
0
0
0
0
0
0
0
0
188
187
187
186
183
178
174
171
171
169
165
162
158
154
0
0
0
0
0
0
0
0
165
164
162
160
155
149
145
142
140
137
134
132
132
132
0
0
168
168
169
170
172
175
176
177
177
175
173
170
167
164
162
159
157
155
152
150
147
141
134
126
120
116
114
113
113
112
110
108
106
104
103
102
101
0
0
0
0
0
0
0
0
0
0
0
143
142
142
142
140
137
133
130
128
128
129
132
135
137
138
138
138
138
138
139
141
143
145
147
150
154
159
164
170
175
179
182
182
180
179
177
176
0
0
0
0
0
0
0
149
149
149
149
148
148
148
149
0
0
0
0
0
0
0
0
232
230
230
230
231
232
225
206
178
150
131
122
119
118
117
116
113
111
110
110
110
108
102
93
86
83
82
