113
114
114
116
116
116
116
116
115
114
113
112
111
111
0
0
0
0
0
0
0
0
0
0
0
0
0
0
0
0
0
0
0
0
0
0
0
0
0
0
0
0
0
0
0
0
0
0
0
0
0
0
0
0
0
0
174
175
177
179
182
183
183
183
183
182
182
182
181
181
179
178
177
176
175
174
172
169
163
155
147
142
141
147
155
161
163
162
161
161
160
161
167
170
170
170
169
170
170
170
170
170
169
168
166
164
161
159
157
153
148
143
137
132
127
122
119
118
117
117
116
116
116
116
116
116
0
0
0
0
0
0
0
0
0
0
0
0
0
170
169
169
168
165
161
156
152
148
146
144
141
137
132
128
126
126
127
129
132
136
139
142
144
147
150
152
155
158
163
166
168
169
170
171
171
171
169
165
159
152
144
138
130
123
116
112
107
103
98
96
94
94
0
0
0
0
0
0
0
0
0
0
0
0
0
0
0
0
0
0
0
0
0
0
57
57
57
57
57
57
57
57
57
57
57
57
57
58
0
0
129
129
129
128
127
124
120
116
114
112
112
116
125
137
147
154
159
163
164
164
165
164
163
161
157
153
151
149
147
0
0
0
0
0
0
0
162
159
156
152
147
143
141
141
142
142
143
144
145
147
149
151
152
152
152
151
149
147
143
138
132
127
124
123
124
127
129
130
128
125
120
116
113
111
109
108
107
107
0
0
0
0
0
0
0
0
0
0
0
0
0
153
155
158
161
167
171
173
172
170
168
166
165
164
163
161
157
153
149
143
138
132
126
119
114
110
107
105
104
103
101
100
98
98
97
97
98
100
104
107
107
105
103
104
108
111
113
113
113
0
0
0
0
0
0
0
0
0
0
0
0
0
0
0
62
62
62
62
62
62
63
63
63
63
