0
0
0
0
0
0
0
0
0
0
0
0
0
0
0
0
0
0
0
0
0
0
0
0
0
0
0
0
0
0
0
0
0
0
0
0
0
0
0
0
0
0
0
0
0
0
0
0
153
153
154
154
154
154
154
153
153
153
152
152
151
151
150
150
150
149
149
148
145
143
142
141
141
142
143
143
144
144
0
0
0
0
0
0
0
0
215
214
214
213
211
207
202
197
191
180
166
154
149
150
156
163
168
168
165
161
158
156
156
156
156
156
157
157
158
159
159
159
158
158
158
157
157
157
155
153
148
143
138
134
130
127
124
122
124
135
148
160
166
168
166
162
158
155
155
155
156
158
160
160
158
154
150
148
148
148
149
150
153
0
0
0
0
0
0
0
0
0
0
0
171
170
169
167
164
160
157
154
151
147
142
136
129
123
117
112
107
102
99
98
97
97
96
96
0
0
0
0
0
0
0
0
0
0
0
0
0
0
0
0
0
0
0
0
0
0
0
0
0
0
0
0
0
0
0
125
125
124
123
120
118
115
114
113
114
117
122
128
134
138
141
144
146
148
148
148
148
147
146
145
144
144
143
143
141
136
127
116
107
100
97
96
100
107
117
128
138
146
150
152
153
152
149
145
139
134
127
121
114
108
104
101
100
98
97
0
0
0
0
0
0
0
0
0
0
0
0
116
116
116
116
116
116
117
119
122
125
128
131
135
139
143
148
153
157
160
161
162
161
160
157
154
151
148
146
144
143
142
139
136
132
127
123
118
114
110
107
105
103
101
100
99
99
0
0
0
0
110
110
110
110
111
110
110
109
109
108
107
106
106
106
106
106
106
108
112
120
128
136
142
145
147
147
143
137
130
122
114
108
104
104
106
108
111
113
113
113
113
112
111
110
109
109
109
109
109
109
110
110
109
109
108
108
108
110
114
118
122
126
129
131
133
136
139
142
144
146
149
153
158
162
166
168
171
172
170
162
146
129
121
117
117
0
0
0
0
0
0
0
0
0
0
0
0
0
0
0
0
0
0
0
0
0
0
0
0
0
0
0
0
0
0
0
0
0
0
0
0
0
0
0
0
0
0
0
0
