0
0
0
0
0
0
0
0
0
0
0
0
0
0
0
0
0
0
0
0
0
0
0
0
0
0
0
0
0
0
0
0
0
0
0
0
141
143
146
147
150
150
149
149
150
154
159
163
166
168
169
169
169
168
165
161
156
153
151
151
0
0
0
0
0
0
0
158
157
156
155
153
149
144
140
137
134
132
130
129
129
129
129
128
127
126
125
0
0
0
0
157
156
155
154
153
151
150
149
147
144
142
140
138
136
135
134
133
133
132
131
131
131
131
133
137
142
147
150
153
155
155
155
155
154
153
151
149
147
145
145
145
144
144
144
143
143
141
138
134
130
128
127
127
127
128
130
134
138
142
144
145
147
148
151
153
155
156
156
152
147
142
140
139
138
0
0
0
0
0
111
109
106
103
97
91
86
84
82
81
80
79
78
78
81
87
94
98
99
98
98
97
97
97
98
100
102
105
108
111
114
117
118
115
110
103
101
105
114
122
126
127
127
127
126
126
125
125
0
0
0
0
0
0
0
0
0
0
0
0
0
0
0
0
0
0
0
0
0
0
0
0
0
0
0
0
0
0
0
0
0
0
0
0
0
0
0
0
0
0
0
0
0
0
