0
0
0
0
0
0
0
0
0
0
0
0
0
0
0
0
0
0
0
0
0
0
0
0
0
0
0
0
0
0
0
0
0
0
0
0
0
0
0
0
0
0
0
0
162
162
163
165
167
168
169
169
170
171
171
171
170
168
165
164
165
168
170
172
175
0
0
0
198
198
198
198
198
197
197
196
193
189
187
186
186
186
186
188
189
189
190
189
188
184
177
169
162
158
158
161
168
177
185
189
191
191
189
186
182
175
167
155
143
132
123
116
110
104
100
98
97
97
99
102
106
110
113
117
121
126
130
133
137
139
140
138
137
135
133
0
0
0
0
0
0
0
0
0
0
121
121
122
122
122
121
119
118
117
117
117
117
117
118
118
115
105
93
87
91
101
110
115
117
117
116
115
115
114
113
113
113
112
