0
0
0
0
0
0
0
0
0
0
0
0
0
0
0
0
0
0
0
0
0
0
0
0
0
0
0
0
0
0
0
0
0
0
0
0
0
0
0
0
0
0
0
0
0
0
0
0
0
0
203
202
202
201
201
200
199
198
198
198
197
197
196
194
193
192
193
194
196
198
199
199
200
200
201
201
201
199
196
193
190
188
185
179
174
169
167
166
166
164
159
152
144
139
135
132
129
124
119
114
109
105
102
101
101
102
102
102
101
99
98
97
96
96
96
96
0
0
0
0
0
0
0
0
0
0
0
0
0
0
0
0
155
155
155
154
154
154
156
158
162
167
171
176
181
185
188
191
193
194
193
192
190
188
186
183
181
178
176
0
0
0
0
0
0
0
0
187
185
184
183
179
176
172
169
165
160
157
153
149
0
0
0
0
0
0
0
0
210
209
208
207
203
201
199
197
0
0
0
0
0
0
0
0
0
0
0
149
149
147
145
139
131
124
118
113
109
107
106
105
104
102
96
86
79
72
66
0
0
0
0
0
0
0
0
0
0
0
0
0
0
0
0
0
0
0
0
0
0
0
0
0
0
0
0
0
127
127
127
128
127
124
121
118
116
116
116
116
116
115
115
114
114
114
113
112
111
112
114
116
117
117
117
117
