0
0
0
0
0
0
0
0
0
0
0
0
0
0
0
0
0
0
0
0
0
0
0
0
0
0
0
0
0
0
0
0
0
0
0
0
0
0
0
0
0
0
0
0
0
0
0
0
0
0
0
0
0
0
0
0
0
0
0
0
170
169
168
168
168
168
170
174
178
181
183
185
186
186
185
182
178
174
171
170
168
165
161
156
152
148
144
140
136
132
130
128
128
127
126
125
126
131
140
148
152
154
158
162
166
171
178
185
189
192
191
189
185
183
182
182
182
0
0
0
0
0
0
174
173
171
170
166
162
158
155
153
152
150
148
146
143
140
138
137
136
136
0
0
0
0
0
0
0
0
0
0
177
176
175
174
173
171
169
166
162
156
151
146
142
137
132
127
125
124
125
125
126
127
129
132
139
149
158
164
166
168
168
166
162
159
158
157
157
0
0
0
0
0
142
140
139
137
133
128
124
122
125
131
137
142
143
142
139
135
131
129
129
130
131
130
129
128
127
127
0
0
0
196
194
192
192
190
189
189
189
189
189
189
189
189
189
189
188
187
186
186
185
182
178
172
164
155
145
137
129
122
118
115
112
109
106
103
101
99
99
98
97
96
95
94
93
93
92
92
91
89
88
86
86
85
85
84
84
84
0
0
0
0
0
0
0
0
0
0
0
0
0
0
0
0
0
0
0
0
0
0
0
0
0
0
0
0
0
0
0
0
0
0
0
0
0
0
0
0
0
0
0
0
