0
0
0
0
0
0
0
0
0
0
0
0
0
0
0
0
0
0
0
0
0
0
0
0
0
0
0
0
0
0
0
0
0
0
0
0
0
0
0
0
0
0
0
0
0
0
0
0
0
0
0
0
0
204
203
201
198
193
188
186
184
181
177
171
165
159
155
152
148
143
139
137
138
141
147
155
165
176
186
194
196
194
186
173
157
142
132
128
129
132
134
136
137
0
0
0
0
0
0
0
0
0
144
143
141
140
137
135
134
133
132
130
129
128
126
124
122
119
117
117
116
116
116
116
116
116
117
118
119
119
120
121
0
0
0
0
0
0
187
186
186
186
186
189
194
198
201
202
203
0
0
0
0
0
0
0
0
0
0
0
0
142
139
138
136
132
128
124
121
119
119
118
118
117
116
115
114
111
109
106
104
101
98
96
95
95
95
0
0
0
0
0
0
0
0
0
0
0
108
108
107
106
103
100
97
97
96
96
95
94
94
94
93
92
91
90
89
88
88
88
88
0
0
0
0
0
0
0
0
0
0
0
0
0
0
0
0
0
0
0
0
0
0
109
109
109
109
109
109
109
109
108
