113
113
113
113
112
112
111
110
110
110
110
110
110
110
111
112
112
113
112
112
113
113
112
112
111
109
108
108
108
109
109
109
110
0
0
0
0
0
0
0
0
0
184
181
176
171
160
151
147
145
144
143
141
139
139
144
159
180
196
200
196
192
190
190
190
191
192
192
193
193
193
192
190
185
179
172
165
157
147
137
130
129
130
131
131
130
128
126
123
120
118
116
116
116
117
119
122
124
125
125
125
123
119
110
105
99
93
0
0
0
0
0
0
0
0
0
0
0
0
0
166
164
163
162
159
155
151
147
143
139
135
131
127
123
119
117
116
115
0
0
0
0
0
0
0
0
0
0
0
0
156
157
159
161
165
167
169
170
171
172
172
173
174
174
175
175
174
173
170
168
165
162
160
156
153
150
148
146
144
142
140
139
139
139
0
0
0
0
0
0
135
134
134
133
132
132
132
132
133
133
134
136
138
141
146
153
161
168
173
174
172
166
158
145
131
116
109
103
99
0
0
0
0
0
0
0
0
0
0
0
0
0
0
0
0
0
0
0
0
0
0
0
0
0
0
0
103
103
103
103
103
103
103
103
103
106
117
132
142
145
141
135
128
121
115
111
107
104
100
96
93
91
90
90
90
90
91
93
95
98
101
103
106
107
108
110
0
0
0
0
0
0
0
0
0
0
0
0
0
0
109
109
109
109
109
110
110
110
111
111
111
111
110
109
108
