111
110
110
106
98
89
81
79
82
90
100
109
112
112
111
111
111
111
0
0
0
0
0
0
0
0
0
0
0
0
0
0
0
0
0
0
0
0
0
0
0
0
0
0
0
0
0
0
0
0
0
0
0
0
0
0
0
214
214
214
214
214
213
209
206
203
200
0
0
0
0
0
0
202
201
199
194
185
175
168
165
163
163
165
167
170
171
171
171
169
0
0
0
0
200
200
201
202
202
202
201
200
200
200
199
198
196
195
193
192
0
0
0
0
0
0
0
0
0
0
0
0
0
133
132
132
131
130
129
127
126
126
126
126
0
0
0
0
0
0
0
0
0
125
124
124
123
121
120
119
118
116
115
114
112
110
108
106
104
103
103
0
0
0
0
0
0
0
0
0
0
0
0
0
0
0
0
0
0
0
0
0
0
0
0
0
0
0
0
0
0
0
0
167
167
168
169
171
173
174
174
172
170
166
164
161
159
0
0
0
0
0
0
0
0
0
0
164
163
162
160
155
149
144
140
136
133
132
136
145
159
174
184
189
189
188
187
185
184
0
0
0
0
0
0
0
0
146
144
143
142
140
138
136
134
132
130
128
125
124
123
123
0
0
0
0
0
0
0
0
0
0
148
147
147
146
145
143
142
140
138
136
134
133
132
0
0
0
0
0
0
0
0
221
221
221
221
221
221
220
219
216
211
207
203
202
200
197
192
187
183
176
168
161
156
152
149
147
146
145
144
144
144
145
145
145
145
144
144
144
140
133
122
112
107
104
103
102
102
101
100
98
96
94
92
91
90
89
89
0
0
0
0
0
0
0
0
0
0
0
0
0
0
0
0
0
0
0
0
0
0
0
0
0
0
0
0
111
110
109
109
109
110
111
111
112
111
110
108
106
