0
0
0
0
0
0
0
0
0
0
0
0
0
0
0
0
0
0
0
0
0
0
0
0
0
0
0
0
0
0
0
0
0
0
0
0
0
0
0
0
0
0
0
0
0
0
0
0
0
0
0
0
180
176
174
172
169
169
171
175
179
182
183
184
185
0
0
0
0
0
0
258
258
258
257
255
252
249
246
245
245
246
248
249
250
251
0
0
0
0
0
0
0
165
161
158
156
152
148
144
142
141
141
140
139
137
135
133
133
133
135
136
136
134
133
134
138
143
147
148
147
145
143
142
143
147
155
163
166
165
161
153
141
128
121
115
112
0
0
0
146
146
145
143
142
140
139
0
0
0
0
0
0
0
0
0
219
218
217
216
214
210
205
198
191
185
178
172
166
161
157
153
149
145
141
137
135
134
134
134
135
137
139
142
144
148
152
157
161
165
168
169
170
170
170
170
168
164
159
156
153
151
0
0
165
165
165
164
163
159
155
152
151
151
0
0
0
0
0
0
0
0
0
0
0
0
0
0
0
0
0
0
114
114
114
114
114
114
114
114
114
114
114
114
114
114
114
114
114
114
114
114
114
114
117
124
135
145
151
152
149
144
138
132
128
124
121
118
117
115
114
112
109
107
105
103
102
101
101
101
101
101
101
100
100
100
101
104
109
113
116
119
120
122
121
119
113
107
102
101
100
100
99
99
99
101
103
106
108
109
109
110
0
0
0
0
0
0
0
0
0
0
0
0
0
0
0
0
0
0
0
0
