0
0
0
0
0
0
0
0
0
0
0
0
0
0
0
0
0
0
0
0
0
0
0
0
0
0
0
0
0
0
0
0
0
0
0
0
0
0
0
0
0
0
205
204
204
204
203
199
195
192
193
197
203
209
214
215
211
205
199
194
189
181
173
166
163
162
162
0
0
0
202
202
201
199
196
191
185
178
173
170
168
168
168
168
168
170
172
172
172
171
172
174
180
187
192
192
190
188
185
184
182
179
174
166
158
151
145
140
136
133
132
132
132
133
133
134
134
134
0
0
0
0
0
0
0
0
0
0
0
0
0
0
0
212
210
208
204
195
182
167
149
133
121
116
115
115
115
115
115
117
118
119
119
119
120
119
119
118
117
115
113
111
112
114
116
117
118
119
120
0
0
0
160
161
163
166
170
174
176
176
174
170
165
163
161
161
0
0
0
0
0
0
0
0
0
183
182
181
180
178
176
174
172
170
168
167
167
167
167
167
167
166
165
163
163
163
163
163
163
162
160
158
155
153
151
150
150
0
0
0
0
0
0
0
0
0
0
0
0
183
181
179
176
167
156
144
134
125
118
114
112
111
111
110
110
110
111
111
111
111
111
111
111
110
110
110
109
108
107
107
111
119
128
134
138
140
143
145
147
148
148
148
148
148
147
147
147
146
146
146
145
144
143
142
141
141
140
139
138
137
135
133
133
134
139
147
157
167
172
175
174
171
167
160
152
144
137
129
120
112
106
100
95
90
87
85
85
85
85
85
85
86
86
86
0
0
0
0
0
0
0
0
0
0
0
0
0
0
0
0
0
0
0
0
0
0
0
