0
0
0
0
0
0
0
0
109
110
110
110
110
109
109
108
108
108
109
110
110
111
112
112
112
111
111
110
110
110
0
0
0
0
0
0
0
0
0
0
0
0
0
0
0
0
0
0
0
0
0
186
187
188
190
193
196
199
202
204
206
207
207
205
202
200
199
198
197
195
190
187
185
186
188
190
188
184
177
171
168
167
169
169
171
175
0
0
0
0
0
192
191
190
189
187
185
183
181
178
176
174
172
169
166
164
163
163
0
0
0
0
0
0
0
127
125
124
124
122
121
119
117
116
116
118
122
126
130
132
135
137
139
139
139
138
137
136
136
0
0
0
0
0
139
138
137
137
136
135
135
135
135
135
135
135
135
135
135
134
134
134
134
133
132
130
126
119
111
102
95
91
91
99
110
120
126
128
130
130
130
129
129
128
127
126
125
122
117
111
103
99
97
97
96
92
89
88
88
91
94
97
98
99
99
99
100
103
112
127
142
154
163
170
174
176
175
173
169
163
156
147
136
125
114
104
94
85
79
76
74
74
75
76
77
79
81
82
83
83
0
0
0
0
0
0
0
0
0
0
0
0
0
0
0
0
0
0
0
0
0
0
0
0
0
0
0
0
0
0
0
0
0
0
