0
0
0
0
0
0
0
0
0
0
0
0
0
0
0
0
0
0
0
0
117
117
117
117
117
118
118
119
121
123
124
125
125
125
125
0
0
0
0
0
0
0
0
0
163
162
162
161
160
158
156
155
154
154
154
153
151
149
146
145
143
143
143
146
152
164
178
191
198
201
201
200
198
191
182
169
155
143
134
126
117
107
100
96
94
90
86
85
87
92
96
100
103
106
108
109
110
111
112
115
120
125
128
127
126
125
125
126
130
136
146
158
170
179
186
193
200
206
213
217
220
222
225
228
229
230
230
229
227
225
224
225
229
234
238
239
239
237
234
231
227
223
213
198
183
171
162
154
147
141
136
133
130
128
126
124
123
121
119
118
117
116
113
110
105
100
97
95
96
99
105
110
113
117
122
125
127
125
121
117
112
107
102
98
96
97
99
102
107
112
117
120
121
122
122
123
125
127
130
131
132
133
135
139
144
149
154
160
165
169
170
169
167
167
169
172
176
179
183
187
187
181
170
156
143
134
128
124
123
123
124
124
125
125
126
128
132
138
145
151
155
157
157
156
154
152
150
148
145
142
139
138
137
137
0
0
0
0
0
0
0
0
102
101
100
99
98
97
97
97
97
97
97
97
97
97
96
96
96
96
0
0
0
0
0
0
0
0
0
0
0
0
0
0
0
0
0
0
0
0
0
0
0
0
0
0
0
130
129
127
125
122
120
120
120
121
123
126
128
130
130
130
129
126
122
118
114
110
107
104
102
102
102
103
0
0
0
0
0
174
175
176
176
178
178
179
179
180
180
180
180
177
174
170
165
159
151
143
134
125
118
113
108
105
101
98
96
95
95
95
95
95
96
96
97
97
97
97
98
98
99
99
0
0
0
0
0
0
0
0
0
0
0
118
119
121
122
125
128
128
127
124
122
125
130
135
138
139
138
136
134
133
133
135
137
140
142
144
148
154
161
167
173
176
176
173
168
164
162
161
161
161
162
162
162
0
0
0
142
141
140
140
140
140
0
0
0
0
0
0
0
119
117
116
114
111
108
105
102
101
101
103
104
105
106
105
104
103
103
105
108
109
109
109
108
106
103
99
95
92
93
93
95
98
0
0
0
0
0
0
0
0
94
94
93
93
91
89
87
85
84
84
83
82
80
79
79
79
0
0
0
0
0
0
0
0
0
0
0
0
0
0
0
0
0
0
124
123
122
119
116
113
113
113
115
119
121
121
119
118
118
116
114
112
112
112
111
111
111
