0
0
0
0
0
0
0
0
0
0
0
0
0
0
0
0
0
0
0
0
0
0
0
0
0
0
0
0
0
0
0
0
0
0
0
0
0
0
0
0
0
0
0
0
0
205
205
204
204
202
198
191
185
179
177
176
179
183
187
189
187
182
176
171
168
167
167
167
0
0
0
0
0
0
0
0
0
0
0
0
229
229
228
228
225
217
212
206
200
211
222
222
222
222
222
224
231
239
243
242
238
233
230
228
227
0
0
0
0
223
222
222
220
213
204
198
194
194
0
0
0
0
0
0
0
0
219
218
218
217
217
216
215
214
212
208
203
200
202
205
206
206
204
202
202
201
200
194
184
170
162
155
151
0
0
0
0
0
0
0
0
110
110
109
109
108
108
107
106
104
103
102
101
100
100
100
100
100
101
103
105
106
106
105
105
105
0
0
0
163
161
160
159
158
157
156
154
153
151
151
150
150
149
149
149
148
148
148
146
143
141
140
142
143
144
145
0
0
0
162
161
161
160
158
154
148
143
140
139
138
139
141
0
0
0
150
148
147
146
143
139
137
135
135
133
128
122
116
113
113
116
122
129
136
144
154
162
167
169
170
170
169
168
164
159
154
149
147
146
144
143
0
0
0
0
119
118
117
114
110
106
104
103
102
101
100
100
100
100
101
0
0
0
109
109
110
111
113
115
115
114
113
110
108
107
106
0
0
0
0
0
0
0
0
0
0
0
161
163
167
172
180
185
187
186
182
176
170
165
159
153
148
145
143
143
144
146
149
150
150
149
147
144
142
140
138
138
137
136
0
0
0
0
0
0
0
0
0
0
0
187
185
183
180
175
171
169
167
165
161
159
157
156
0
0
0
0
0
0
0
0
116
115
115
115
114
115
115
115
115
115
115
116
116
117
117
117
118
118
118
118
118
119
123
132
142
151
155
159
163
168
173
176
178
178
178
176
173
169
164
157
151
145
137
128
119
112
106
101
96
92
90
89
87
85
84
83
83
83
83
83
83
85
86
87
88
89
90
91
92
92
92
92
0
0
0
0
0
0
0
0
0
0
0
0
0
0
0
0
0
0
0
0
0
0
0
0
0
0
0
0
0
