0
0
0
0
0
0
0
0
0
0
0
0
0
0
0
0
0
0
0
0
0
0
0
0
0
0
0
0
0
0
0
0
0
0
0
0
0
0
0
0
0
0
200
199
199
198
197
195
192
189
186
183
180
178
178
177
177
176
175
174
173
173
173
175
179
184
192
202
214
224
228
229
226
219
208
197
190
189
189
189
189
189
189
0
0
0
0
0
0
0
0
203
202
200
197
192
186
180
175
169
162
154
147
141
137
134
133
133
133
134
135
137
139
141
143
143
142
140
137
135
135
141
157
178
195
202
207
214
223
232
241
250
260
269
273
273
270
268
265
264
264
264
0
0
0
0
0
0
0
0
0
0
0
0
0
133
131
128
124
116
107
100
95
92
90
89
89
90
91
93
94
95
95
95
0
0
0
0
0
0
0
0
0
0
0
0
0
0
0
0
0
0
0
0
0
0
0
0
0
0
0
0
0
0
0
0
0
0
0
0
0
0
0
0
0
0
0
0
0
0
0
0
0
0
0
0
0
0
