0
0
0
0
0
0
0
0
0
0
0
0
0
0
0
0
0
0
0
0
0
0
0
0
0
0
0
0
0
0
0
0
0
0
0
0
0
0
0
0
0
0
0
0
0
0
0
0
0
0
0
0
0
0
144
144
144
144
144
144
144
144
144
144
144
150
169
194
211
214
207
199
190
181
171
161
152
142
138
133
131
0
0
0
0
0
0
0
130
128
127
126
124
123
123
126
129
133
136
137
138
138
137
135
134
134
134
134
135
135
136
137
141
152
166
177
183
185
188
191
194
195
195
195
194
192
188
181
171
160
151
143
138
134
129
123
118
116
115
116
118
119
118
116
114
114
118
123
128
131
129
125
121
117
115
115
115
114
114
114
114
114
116
121
126
129
128
125
122
120
120
122
125
127
127
127
127
127
127
127
128
129
132
134
138
142
147
153
157
161
164
166
168
169
169
169
168
167
167
168
169
170
170
170
170
170
169
168
167
166
165
163
161
158
155
152
150
149
149
149
149
163
176
175
174
173
170
165
159
153
150
149
148
0
0
0
0
0
0
0
0
0
0
0
131
131
130
129
127
124
121
118
116
115
115
115
0
0
0
0
0
0
0
0
0
0
136
135
135
135
135
136
136
136
137
138
140
142
143
144
145
145
144
144
142
138
134
132
132
134
137
139
139
138
137
134
131
130
128
127
125
124
122
121
120
120
120
120
120
120
120
120
120
121
121
121
121
121
121
122
124
126
127
128
128
129
130
131
133
136
139
142
145
148
151
153
155
157
161
164
167
169
169
169
169
169
0
0
0
0
0
0
0
0
0
173
170
166
161
150
136
129
123
119
0
0
0
0
0
0
0
0
0
157
155
154
153
152
151
151
151
151
152
154
157
159
162
164
166
166
166
166
165
162
158
155
154
153
153
0
0
0
0
0
0
0
111
110
108
107
103
100
96
94
92
90
90
90
89
89
89
88
88
87
87
86
87
90
96
102
106
109
110
112
114
116
116
116
116
115
114
113
114
115
115
112
104
93
87
89
98
106
110
111
110
110
110
111
111
111
