0
0
0
0
0
0
0
0
0
0
0
0
0
0
0
0
0
0
0
0
0
0
0
0
0
0
0
0
0
0
0
0
0
0
0
0
0
0
0
0
0
253
253
252
251
245
236
231
225
221
0
0
0
0
0
0
0
0
201
198
197
197
196
196
0
0
0
0
0
0
0
0
164
161
159
158
156
155
154
152
150
147
143
140
137
141
156
177
196
208
214
220
224
224
220
217
212
207
0
0
0
0
0
0
0
0
125
125
124
122
119
115
111
109
107
105
103
103
103
103
103
104
103
103
102
101
102
103
104
105
106
107
108
108
108
108
107
103
98
95
94
95
100
105
108
109
109
109
109
109
0
0
0
0
0
0
0
0
0
0
0
0
0
191
192
193
196
201
206
211
213
213
210
207
203
201
198
194
189
182
172
163
156
153
152
151
150
150
0
0
0
0
0
156
155
154
153
151
149
146
143
140
139
137
137
0
0
0
0
0
258
259
260
260
260
259
257
255
253
0
0
0
0
0
0
187
181
175
168
154
140
129
120
115
114
114
114
114
115
0
0
110
109
108
107
106
104
104
104
104
104
103
103
103
103
103
103
103
102
102
102
102
102
102
102
103
0
0
0
0
0
0
0
0
0
0
0
0
141
134
131
129
128
129
130
132
134
134
134
132
129
126
124
124
132
157
192
219
229
230
230
231
230
230
229
226
224
223
224
226
227
229
230
0
0
0
0
147
147
145
142
137
133
132
131
130
129
127
125
124
124
123
121
119
115
111
109
109
110
113
116
121
126
129
128
125
122
120
119
119
119
119
119
118
116
113
112
111
111
111
114
116
119
119
118
115
113
112
111
110
109
109
0
0
119
117
116
115
114
113
112
112
111
109
108
106
105
0
0
0
0
0
0
0
0
169
169
169
169
169
169
169
168
168
169
170
172
173
173
172
171
170
169
168
168
170
173
176
177
177
176
174
172
171
171
171
169
163
154
144
133
123
116
114
114
117
126
141
154
161
164
164
161
156
150
145
140
134
127
119
115
113
113
113
0
0
0
0
0
110
109
108
107
104
101
98
95
93
90
88
85
83
81
81
81
82
83
83
84
84
84
84
84
84
84
0
0
0
0
0
0
0
0
0
0
0
0
0
0
0
0
0
0
0
0
0
0
0
0
0
0
0
0
0
0
0
0
0
0
0
0
0
0
0
0
0
0
0
0
0
0
