0
0
0
0
0
0
0
0
0
0
0
0
0
0
0
0
0
0
0
0
0
0
0
0
0
0
0
0
0
0
0
0
0
201
201
201
200
199
198
197
195
194
192
192
192
192
192
192
192
193
194
196
198
200
202
202
201
200
199
198
0
0
0
0
0
0
162
162
161
159
154
148
143
139
137
134
132
131
132
134
135
136
135
134
131
127
122
120
119
119
119
119
119
119
0
0
0
0
0
161
160
160
159
159
158
157
156
155
153
150
147
145
142
140
138
137
136
135
134
134
134
134
135
136
139
140
142
143
144
145
146
147
147
146
145
143
141
140
139
137
136
134
131
128
124
120
117
115
114
114
114
114
115
120
127
137
145
151
154
158
160
162
162
162
161
160
158
156
156
157
159
161
162
162
159
150
134
119
109
104
101
98
95
94
93
93
92
90
87
85
84
85
86
88
89
89
89
90
91
92
94
96
99
102
106
109
110
110
109
108
107
107
0
0
0
0
0
0
0
0
0
0
0
0
0
0
0
0
0
0
0
0
0
0
0
0
0
