0
0
0
0
0
0
0
0
0
0
0
0
0
0
0
0
0
0
0
0
0
0
0
0
0
0
0
0
0
0
0
0
178
178
178
178
179
181
185
188
192
196
201
207
213
217
219
216
209
199
193
188
185
0
0
0
0
0
0
0
0
226
225
224
222
218
215
213
212
211
210
208
206
206
206
208
211
214
216
218
219
219
217
212
205
200
196
194
193
195
198
202
203
199
190
176
161
145
132
121
112
105
100
97
95
94
93
93
93
95
98
105
114
125
134
141
145
148
151
153
156
158
158
157
154
153
151
149
0
0
0
0
0
0
0
0
0
0
0
0
0
0
0
0
0
0
0
0
0
80
80
80
81
85
93
103
109
110
109
108
