0
0
0
0
0
0
0
0
0
0
0
0
0
0
0
0
0
0
0
0
0
0
0
0
0
0
0
0
0
0
0
0
0
0
0
0
0
192
192
192
194
199
206
212
215
217
218
219
219
218
212
200
193
185
180
0
0
0
167
167
168
168
169
168
164
160
156
153
151
148
145
142
141
139
137
0
0
0
195
195
194
194
192
192
191
191
0
0
0
0
0
0
0
0
132
131
130
128
125
120
117
116
115
115
0
0
0
0
0
0
0
0
0
0
0
0
0
0
165
166
168
171
175
179
182
183
183
182
179
176
173
168
163
157
152
146
141
136
131
128
125
124
123
121
119
117
116
114
113
111
111
110
110
110
110
111
111
111
112
112
112
113
113
113
113
112
112
114
121
130
137
139
139
139
139
141
142
144
146
150
155
162
166
170
173
176
181
185
189
191
192
192
190
189
185
176
163
153
148
146
143
140
135
129
123
118
113
111
109
109
0
0
0
0
0
0
0
0
0
102
102
102
101
100
97
94
91
89
88
88
87
87
87
87
86
86
86
87
87
88
89
92
95
99
103
107
110
114
115
117
117
0
0
0
0
0
0
0
0
0
0
0
0
0
0
