0
0
0
0
0
0
0
0
0
0
0
0
0
0
0
0
0
0
0
0
0
0
0
0
0
0
0
191
191
191
190
190
190
190
190
190
190
190
190
192
198
206
214
217
218
215
210
206
202
200
0
0
0
0
0
0
0
0
0
0
0
0
200
199
198
196
192
187
180
175
170
166
161
155
149
146
144
144
0
0
0
0
0
0
0
0
0
156
155
154
153
151
147
142
136
133
130
128
0
0
0
0
0
0
0
0
125
125
125
124
124
123
121
119
117
117
118
119
119
116
113
110
109
113
123
135
145
149
149
147
145
142
138
135
132
131
130
130
0
0
0
0
0
118
116
114
113
110
105
99
96
97
101
105
107
108
108
108
108
0
0
0
0
0
0
0
0
0
0
0
0
0
0
0
0
0
180
179
179
179
178
178
178
178
178
177
177
176
176
175
175
174
174
173
173
172
171
171
172
173
173
173
174
174
174
174
174
0
0
0
0
162
161
160
159
157
155
154
153
153
151
150
150
149
147
145
143
141
141
141
143
144
144
144
143
142
142
141
140
139
139
140
140
140
140
138
135
131
128
126
124
0
0
0
0
0
0
0
0
0
0
0
0
0
0
0
0
162
161
160
160
160
160
160
159
159
158
155
150
141
131
121
113
108
102
96
93
92
93
93
92
90
88
87
85
83
82
80
80
83
89
101
114
124
128
129
130
0
0
0
0
0
0
0
0
0
0
0
0
0
0
0
0
0
0
0
117
116
115
115
115
114
113
112
