0
0
0
0
0
0
0
0
0
0
0
0
0
0
0
0
0
0
0
0
0
0
0
0
0
0
0
0
0
0
0
0
0
0
0
165
165
165
165
165
164
164
162
160
158
157
158
159
160
160
158
156
154
151
149
147
147
149
154
160
165
169
170
172
174
177
180
183
187
189
189
186
181
174
169
165
163
160
156
152
150
148
148
0
0
0
0
0
0
0
0
0
0
0
0
0
130
128
127
125
121
117
114
111
108
105
102
101
102
104
107
109
111
113
114
115
115
116
116
116
115
115
114
112
110
107
106
105
106
110
117
124
128
130
129
127
125
124
121
118
114
111
109
106
105
106
109
113
119
126
133
138
141
144
145
146
147
148
149
150
150
150
150
149
147
144
141
139
137
137
137
137
138
139
140
142
144
150
156
161
162
162
161
160
158
154
149
143
137
133
130
128
126
125
124
123
122
121
121
121
122
123
123
122
121
121
121
123
126
129
132
133
134
134
134
135
135
135
135
136
136
0
0
0
0
0
0
0
0
0
0
0
0
0
0
0
0
0
0
0
0
159
159
159
159
160
160
160
160
159
157
152
145
135
124
114
108
103
98
94
91
88
86
85
85
84
84
84
83
83
0
0
0
0
0
0
0
0
0
0
0
0
0
0
0
0
0
0
0
0
107
108
110
110
112
113
113
113
113
113
111
107
98
94
88
