64
66
68
73
81
92
102
108
110
110
110
109
108
0
0
0
0
0
0
0
0
0
0
0
0
0
0
0
0
0
0
0
0
0
0
0
0
0
0
0
0
0
211
211
212
212
213
212
209
205
199
194
191
189
190
194
199
201
199
193
184
174
167
163
163
163
163
163
160
152
141
133
131
135
139
146
154
165
175
183
188
191
193
194
194
192
189
185
181
175
167
155
143
133
126
121
118
115
112
110
108
107
106
105
104
104
105
106
107
109
111
113
115
116
116
116
116
116
116
116
116
116
116
116
116
116
117
118
122
128
133
136
135
133
129
127
125
124
0
0
0
0
0
0
0
0
136
136
135
134
132
130
131
132
133
133
131
129
126
124
122
120
118
115
112
110
108
107
107
107
0
0
0
0
0
0
0
0
0
0
0
161
161
160
159
156
152
150
150
150
150
151
151
152
154
157
159
159
155
149
145
142
141
0
0
0
0
0
0
0
0
0
0
0
0
0
0
0
171
171
172
173
174
176
177
178
179
179
179
179
179
177
174
170
164
157
149
141
134
126
116
107
99
95
92
90
88
87
86
85
85
85
85
85
85
86
86
86
85
84
83
83
83
83
84
84
0
0
0
0
0
0
0
0
0
0
0
0
0
0
0
0
0
0
0
0
0
0
0
0
0
