0
0
0
0
0
0
0
0
0
0
0
0
0
0
0
0
0
0
0
0
0
0
0
0
0
0
0
0
0
0
0
0
0
0
0
0
0
0
0
0
185
185
186
186
186
187
187
187
187
187
187
187
187
187
187
187
187
187
187
187
187
187
187
189
195
204
209
207
205
201
197
0
0
0
0
0
0
125
122
120
117
113
109
107
105
103
101
100
99
98
0
0
0
0
0
0
128
128
127
126
124
121
118
115
114
114
116
122
128
133
135
136
136
136
136
136
137
137
138
138
140
141
143
145
147
149
151
153
156
160
165
170
175
180
185
189
193
194
193
190
183
174
162
150
137
125
114
105
96
89
85
81
79
77
74
72
71
71
73
75
77
78
79
79
0
0
0
0
0
0
0
0
0
0
0
0
0
0
0
0
0
0
0
0
0
0
0
0
0
0
0
0
0
0
0
0
0
0
0
109
109
110
111
112
113
114
114
115
