0
0
0
0
0
0
0
0
0
0
0
0
0
0
0
0
0
0
0
0
0
0
0
0
0
0
0
0
0
0
0
0
0
0
0
0
0
0
0
161
162
163
164
167
169
172
176
178
180
181
185
190
197
203
208
211
212
211
208
205
201
197
195
193
192
190
185
174
162
156
160
169
174
178
178
0
0
226
226
226
225
224
222
218
212
206
199
191
180
167
156
147
138
130
122
118
114
112
0
0
0
0
0
0
0
0
0
0
0
0
0
161
161
161
162
164
168
173
177
178
178
176
172
167
160
153
145
138
133
128
125
123
121
120
119
117
114
109
100
93
89
93
102
112
119
123
124
125
125
124
124
124
126
128
130
132
133
135
138
142
146
151
158
165
170
172
173
173
173
172
168
163
156
148
140
132
125
120
117
114
112
109
108
108
109
109
110
112
115
119
122
125
126
127
127
128
128
130
132
133
134
135
137
139
141
144
147
152
160
168
174
176
178
181
184
189
193
197
201
203
204
206
208
209
209
206
202
196
193
190
188
0
0
0
0
0
0
0
0
0
0
99
98
97
96
94
92
90
89
89
88
88
87
86
85
85
84
84
84
84
0
0
0
0
0
0
0
0
0
0
0
0
0
0
0
0
0
0
0
0
0
0
114
114
113
109
100
88
79
79
89
102
111
114
113
113
112
111
111
109
108
107
