0
0
0
0
0
0
0
0
0
0
0
0
0
0
0
0
0
0
0
0
0
0
0
0
0
0
0
0
0
0
0
0
0
0
0
0
0
0
0
0
0
0
0
0
138
138
137
137
136
135
135
136
138
140
142
144
144
144
143
143
141
139
137
134
132
131
132
132
133
133
0
0
138
138
137
136
134
132
129
127
125
124
122
122
121
120
118
117
116
117
119
125
136
148
156
158
157
155
153
150
148
146
145
144
143
143
142
142
141
139
135
130
122
115
111
109
110
111
0
0
0
0
0
0
0
0
0
0
0
0
0
0
147
146
145
144
139
133
126
119
113
109
108
109
111
113
114
115
116
117
118
118
119
118
115
111
107
105
104
103
103
103
103
103
102
101
99
97
96
96
97
100
104
106
109
111
0
0
125
125
125
125
125
124
122
119
118
117
117
0
0
0
0
0
0
0
0
0
119
118
117
116
114
112
111
110
110
110
110
111
113
115
116
117
117
117
117
117
117
116
115
114
113
113
113
113
113
114
0
0
0
0
0
0
0
113
113
113
114
114
115
115
114
113
110
108
105
102
99
97
95
94
94
93
93
93
92
91
93
97
102
107
110
111
111
112
111
111
111
110
110
110
111
112
114
115
115
114
113
112
112
112
112
112
112
111
111
110
110
109
108
108
107
107
106
106
105
104
103
102
102
103
104
105
107
108
109
109
110
110
110
108
105
102
98
93
88
85
83
81
80
79
78
78
77
77
77
0
0
0
0
0
0
0
0
0
0
0
0
0
0
0
0
0
0
0
0
0
0
0
0
0
0
0
0
