0
0
0
0
0
0
0
0
0
0
0
0
0
0
0
0
0
0
0
0
0
0
0
0
0
0
0
0
0
0
0
0
0
128
128
128
129
130
131
133
135
136
139
142
147
151
155
159
163
168
172
174
176
176
176
176
174
171
169
166
161
153
148
144
142
0
0
0
0
0
0
0
0
0
0
0
170
169
168
167
166
164
162
160
157
155
151
145
137
129
121
113
106
100
96
94
92
92
92
92
93
93
93
92
91
91
90
90
90
90
90
90
91
91
92
92
92
92
92
0
0
0
0
0
0
0
0
0
0
0
0
0
0
0
110
110
111
111
112
112
112
112
112
112
112
113
115
117
119
121
124
127
130
132
132
133
132
132
130
125
114
99
85
78
73
69
64
62
64
74
91
110
122
127
128
130
131
131
130
129
127
125
122
118
114
109
104
99
96
96
95
95
94
92
90
89
90
92
97
103
107
109
107
105
103
102
101
102
102
103
103
103
103
103
103
103
104
104
105
106
106
107
107
107
107
106
105
104
104
104
104
104
104
104
104
104
105
106
108
108
109
109
109
109
109
109
108
108
108
107
108
111
118
125
129
128
125
123
121
120
120
120
120
0
0
0
0
0
0
0
0
0
0
0
0
0
0
0
0
0
0
0
0
0
0
0
0
0
0
0
0
0
0
0
0
0
0
0
0
0
0
0
0
0
0
0
0
0
0
0
0
0
0
0
0
0
0
0
0
0
0
0
0
0
0
0
0
0
0
0
0
0
0
0
0
0
0
0
0
0
0
