0
60
0
0
0
0
0
0
0
0
0
0
0
0
0
0
0
0
0
123
123
122
122
122
122
122
123
124
125
123
122
120
119
0
0
0
0
0
0
0
0
0
149
149
150
151
154
156
157
157
156
155
154
154
154
0
0
0
0
0
0
0
0
0
0
0
130
126
123
119
112
105
99
94
91
88
86
83
78
72
67
64
63
63
63
0
0
0
0
0
0
0
0
0
0
0
0
0
0
0
0
0
0
0
0
0
0
0
0
0
0
0
0
0
0
0
0
0
0
0
0
0
0
0
0
0
0
0
0
0
0
0
0
0
0
0
0
0
0
0
0
0
118
118
118
117
116
115
114
115
116
119
122
124
126
128
130
131
130
127
122
118
114
112
110
109
106
104
105
107
110
113
116
120
124
126
127
127
127
127
127
126
126
124
123
122
122
122
122
121
121
120
120
119
119
117
115
112
110
108
105
99
91
88
92
102
115
128
138
145
149
151
151
150
149
148
146
143
141
137
133
129
124
120
116
113
111
110
110
111
112
113
114
0
0
0
0
96
96
95
95
94
93
94
95
95
95
94
94
94
94
0
0
0
0
0
0
0
0
0
422
428
435
440
446
451
454
279
99
99
100
101
102
102
103
103
103
102
102
101
100
100
100
100
101
102
102
102
102
102
103
105
107
108
109
109
110
111
112
114
118
121
125
127
128
130
131
132
133
133
132
130
128
125
123
120
118
116
115
114
113
111
110
108
106
105
104
103
102
101
101
100
100
99
99
98
98
98
96
94
91
88
87
86
87
88
90
92
92
93
94
96
99
103
105
106
106
0
0
124
124
123
123
120
118
115
112
0
0
0
0
0
0
0
0
118
117
117
116
115
113
112
112
114
115
116
115
114
113
114
115
116
117
119
121
123
123
121
120
118
116
113
111
108
105
101
99
98
98
98
0
0
0
0
0
0
0
0
97
96
96
95
95
95
95
95
94
94
94
94
94
94
96
99
103
106
107
107
107
0
0
0
0
0
0
0
0
0
0
0
116
116
116
116
116
116
116
116
115
115
114
115
118
121
123
122
119
113
109
107
106
105
104
103
102
101
101
101
101
101
101
100
100
101
102
104
104
105
105
105
105
106
105
105
105
104
103
102
101
100
100
99
99
99
0
0
0
0
0
408
407
405
401
396
391
388
385
383
381
379
0
0
0
0
0
0
0
0
0
0
0
0
0
0
0
0
0
0
0
0
0
0
