0
0
0
0
0
0
0
0
0
0
0
0
0
0
0
0
0
0
0
0
0
0
0
0
0
0
0
0
0
0
0
0
0
0
0
0
0
0
0
0
0
0
0
0
134
134
135
137
140
143
146
148
149
149
150
151
153
155
158
160
162
162
163
163
164
165
167
168
168
169
168
168
167
165
164
163
163
0
0
0
0
0
0
0
0
0
138
137
136
134
131
128
125
122
120
118
116
115
112
109
105
102
101
101
101
113
119
117
115
114
112
110
108
107
107
108
111
113
114
114
113
112
111
110
107
105
103
102
102
102
105
109
114
118
121
123
125
127
129
130
130
130
129
128
126
124
120
117
115
112
108
104
102
100
99
97
96
94
93
0
0
0
0
104
104
105
106
107
108
110
113
115
115
115
115
114
113
111
109
107
105
104
104
104
0
0
0
0
0
0
0
0
0
0
0
0
133
132
132
131
131
131
131
131
132
133
134
135
157
222
310
377
398
397
398
404
410
413
414
415
415
415
0
0
0
0
111
111
111
111
111
112
112
112
112
112
112
112
112
111
111
110
111
112
113
112
112
111
110
109
109
0
0
0
0
0
