0
0
0
0
0
0
0
0
0
0
0
0
0
0
0
0
0
0
0
0
0
0
0
0
0
0
0
0
0
0
0
0
0
0
0
0
0
0
0
0
83
83
88
97
111
122
126
127
129
132
134
136
139
142
145
146
147
149
149
150
150
150
148
146
144
142
140
139
136
133
130
126
118
106
93
86
84
88
90
95
104
0
0
0
0
154
154
154
154
154
154
154
155
155
156
157
157
157
157
155
153
150
149
147
145
141
138
136
134
134
133
133
0
0
0
0
132
131
130
129
126
123
119
115
111
109
107
106
105
104
103
101
99
98
98
98
0
0
0
0
0
0
0
0
0
0
0
122
122
123
123
124
125
125
126
128
128
127
124
122
121
122
123
124
125
126
128
0
0
0
0
0
0
0
0
0
133
132
130
129
126
124
123
122
120
118
116
114
112
108
103
100
97
94
92
90
89
87
86
86
86
87
88
92
98
106
112
114
114
113
109
104
98
96
98
102
104
105
105
106
0
0
0
0
0
0
0
0
0
0
0
0
0
0
0
0
0
0
0
0
