0
0
0
0
0
0
0
0
0
0
0
0
0
0
0
0
0
0
0
0
0
0
0
0
0
0
0
0
0
0
0
0
0
0
0
167
165
163
159
153
145
139
136
132
131
132
138
144
148
150
149
148
146
143
141
138
136
133
129
126
124
123
123
0
0
0
0
0
0
0
0
0
0
0
0
127
125
124
122
118
114
109
104
100
95
92
89
87
87
87
88
89
91
97
105
112
115
116
116
0
0
0
0
0
0
0
0
0
0
0
0
0
0
0
0
0
0
0
0
0
0
0
0
0
0
0
0
0
0
0
124
124
124
124
124
125
124
124
123
121
120
118
118
117
116
115
115
115
116
117
118
120
120
118
115
111
107
105
104
103
103
102
102
102
104
110
119
127
130
131
130
128
127
126
126
0
0
0
0
0
0
131
131
132
132
133
132
129
125
121
119
117
115
114
112
109
106
103
101
100
99
100
101
105
110
115
119
119
119
119
119
120
123
128
131
131
129
127
123
119
116
114
113
113
112
112
112
112
0
0
0
0
0
0
0
0
0
0
0
116
115
113
111
108
105
103
103
102
101
100
99
98
98
100
104
108
113
115
118
122
124
126
128
130
131
132
132
132
131
130
129
128
127
127
0
0
0
0
0
0
0
0
126
125
125
124
122
121
118
115
113
114
119
128
137
145
149
151
149
142
129
115
108
102
98
0
0
0
0
0
0
0
0
0
0
0
0
0
0
0
115
111
109
108
107
107
107
107
107
107
106
106
105
105
105
0
0
0
0
0
0
0
0
0
0
0
0
0
0
0
0
0
0
0
0
0
0
0
0
0
0
0
0
0
0
0
0
0
0
0
91
91
92
93
96
99
101
102
103
103
103
103
103
103
103
104
103
102
100
96
94
92
92
92
92
93
0
0
0
0
0
0
0
0
111
111
111
112
113
115
117
120
121
121
121
120
119
118
118
117
117
117
117
116
116
114
113
112
112
112
113
115
116
117
116
115
115
115
115
113
112
110
108
106
104
100
97
94
92
90
88
87
86
84
83
83
82
82
83
85
88
91
93
94
95
96
96
97
0
0
0
0
0
0
123
123
124
124
124
122
118
115
114
113
113
0
0
0
0
0
0
0
0
0
0
0
0
0
0
0
