0
0
0
0
0
0
0
0
0
0
0
0
0
0
0
0
0
0
0
0
0
0
0
0
147
147
147
146
146
146
146
146
148
151
156
162
168
173
177
179
180
178
176
173
172
173
175
177
176
173
168
164
163
164
164
164
164
162
160
158
156
154
152
150
149
148
147
146
146
145
145
145
145
145
144
142
140
139
136
130
127
122
118
0
0
0
0
0
0
0
0
156
155
154
153
151
148
145
141
138
136
134
131
128
124
120
117
115
114
114
114
114
114
114
0
0
0
0
0
110
110
109
109
108
108
108
109
110
110
110
110
109
106
102
99
97
97
0
0
0
0
133
132
132
131
130
128
126
124
121
117
113
106
98
91
85
77
69
64
62
64
71
81
92
99
101
101
100
98
96
95
93
92
91
90
89
88
87
87
0
0
0
0
0
0
0
0
0
0
0
0
0
0
0
0
0
0
0
0
0
0
0
0
0
0
80
80
80
80
80
83
92
104
114
118
118
116
113
110
110
111
112
113
115
115
115
115
114
113
112
112
112
111
110
108
106
104
102
101
100
100
100
102
104
106
107
108
109
109
109
0
0
0
0
0
139
139
139
139
139
139
139
138
138
137
135
134
133
132
130
127
123
119
116
115
115
115
114
113
111
107
104
101
98
97
95
94
93
91
90
90
89
89
88
88
88
88
88
0
0
0
0
0
0
0
0
0
0
0
0
0
0
0
105
105
106
107
108
108
109
109
109
109
109
110
110
110
110
110
109
107
104
103
102
101
0
0
0
0
0
0
0
0
115
114
114
112
110
108
106
104
103
101
98
96
95
96
98
100
102
104
105
105
105
103
99
95
90
85
83
82
80
79
78
77
76
75
75
74
74
74
74
75
75
75
75
76
76
77
78
79
79
82
89
99
106
110
111
113
113
113
112
114
117
121
124
126
123
117
113
110
110
110
111
112
113
113
112
112
111
