113
114
115
117
118
119
119
119
119
119
119
119
0
0
0
0
0
0
0
0
0
0
0
0
0
0
0
0
0
0
0
0
0
0
0
0
0
0
0
0
0
0
0
0
0
0
143
142
141
140
138
137
137
138
140
142
144
145
145
145
144
142
140
136
134
132
129
125
122
119
117
0
0
134
134
134
133
133
132
130
127
123
118
115
113
111
106
104
105
107
109
112
118
130
144
153
155
153
152
151
151
151
150
150
149
147
141
128
113
101
98
100
105
110
114
118
119
121
121
0
0
0
0
0
0
0
0
0
0
0
0
0
0
0
0
0
0
148
147
146
144
140
134
127
121
116
111
106
101
97
94
95
97
102
106
107
108
107
107
106
106
106
105
105
105
104
104
103
102
101
99
98
98
101
108
114
117
119
122
123
123
123
124
126
127
128
128
128
127
126
125
124
124
0
0
0
0
0
0
0
0
0
0
124
123
122
121
118
116
113
111
110
110
111
112
114
115
116
118
118
119
119
119
119
119
118
118
117
116
116
116
116
116
116
116
0
0
0
0
0
0
0
0
0
0
0
0
127
126
125
124
122
118
114
111
107
102
97
93
89
88
89
92
94
96
97
97
97
97
97
97
97
97
97
97
97
97
97
97
0
0
0
0
0
0
0
0
0
117
116
116
116
115
115
115
116
116
116
116
116
115
114
113
111
110
109
109
109
109
109
109
110
111
113
114
116
118
121
123
125
127
127
127
127
127
125
122
117
112
106
101
98
96
96
96
96
96
96
96
96
96
0
0
0
0
0
0
0
0
0
0
0
0
0
0
0
0
0
0
0
0
0
0
0
0
0
0
0
0
0
115
115
116
117
118
118
116
114
111
