0
0
0
0
0
0
0
0
0
0
0
0
0
0
0
0
0
0
0
0
0
0
0
0
0
0
0
0
143
143
143
143
143
144
146
147
148
148
146
140
130
119
110
107
108
113
121
130
137
142
144
145
145
143
141
140
139
139
0
0
0
0
0
0
149
148
146
141
131
120
112
109
107
106
104
103
103
103
103
104
104
105
106
106
106
104
101
97
95
95
100
105
108
110
110
119
129
129
129
129
129
128
126
123
119
117
115
114
113
112
111
111
110
109
109
108
107
107
106
106
106
106
106
107
109
110
112
113
115
116
117
117
117
117
116
115
113
112
111
110
109
108
107
107
107
106
105
104
102
100
100
100
100
101
104
108
113
118
122
124
126
127
127
127
127
127
126
123
119
115
112
110
109
110
113
115
116
114
108
99
93
91
92
93
93
93
93
93
94
97
99
101
99
97
94
93
91
89
87
87
87
86
86
86
86
87
88
89
89
90
90
91
91
91
91
0
0
0
0
0
0
0
0
0
0
0
0
0
0
122
120
119
118
116
113
111
108
107
107
107
107
0
0
0
0
0
0
0
0
0
0
0
0
0
0
108
0
