0
0
0
0
0
0
0
0
0
0
0
0
0
0
0
0
0
0
0
0
0
0
0
0
0
0
0
0
0
0
0
0
0
0
0
0
0
0
0
0
0
0
132
127
125
123
121
121
122
123
126
129
132
135
139
144
149
154
157
158
158
157
156
156
158
160
161
162
162
162
0
0
0
0
164
164
164
163
162
160
159
158
157
157
158
158
159
159
159
159
158
158
157
156
156
154
152
148
145
143
141
139
136
134
132
130
126
121
116
112
109
106
104
103
102
101
100
100
100
100
100
102
105
111
116
120
122
125
127
129
132
133
135
136
136
135
134
133
132
131
131
131
0
0
0
0
0
0
0
0
0
0
107
107
107
107
107
107
107
107
107
107
107
0
0
0
0
0
0
0
0
0
0
0
0
0
0
0
0
0
0
0
