0
0
0
0
0
0
0
0
0
0
0
0
0
0
0
0
0
0
0
0
0
0
0
0
0
0
0
0
0
0
0
0
0
0
0
0
0
0
0
0
0
173
173
174
175
176
177
179
180
181
182
182
183
183
183
181
178
174
172
172
174
175
176
177
177
177
176
174
170
158
140
124
116
114
113
111
110
109
109
109
108
108
107
106
105
104
103
102
101
101
101
100
100
100
100
100
100
100
100
100
100
100
100
102
105
109
111
111
111
111
110
110
109
108
108
108
108
109
111
114
116
119
121
124
127
128
129
129
130
131
131
131
131
131
130
127
124
122
119
118
116
116
117
117
117
116
115
113
111
109
109
111
114
116
116
115
114
114
114
115
116
116
114
113
111
110
0
0
0
0
0
0
0
0
0
0
0
0
0
0
0
140
140
140
140
140
141
141
142
141
141
139
136
133
131
130
130
129
129
0
0
0
0
108
106
105
105
104
104
104
105
105
106
106
0
0
0
0
0
0
85
85
84
84
83
82
82
82
83
83
83
84
83
82
82
81
80
0
0
0
0
0
0
0
0
0
0
0
0
0
0
0
0
0
0
0
0
0
0
0
0
0
0
0
0
0
110
110
110
110
110
109
109
109
109
109
108
108
