0
0
0
0
0
0
0
0
0
0
0
0
0
0
0
0
0
0
0
0
0
0
0
0
0
0
0
0
0
0
0
0
139
139
139
139
140
140
140
139
138
135
133
129
120
109
102
103
109
118
125
131
137
140
142
142
142
141
140
139
139
0
0
0
0
0
0
0
0
0
115
115
114
113
110
106
103
99
95
93
93
97
104
112
119
121
116
108
101
97
96
95
95
96
101
112
124
133
136
136
136
133
129
124
120
117
116
115
115
114
114
114
114
113
113
113
112
111
109
108
108
108
108
109
110
111
111
112
112
112
112
113
112
112
111
111
110
109
108
107
106
106
106
105
104
102
100
98
98
98
99
102
105
109
114
117
119
121
123
123
123
122
120
118
115
110
103
96
92
93
99
105
109
110
111
109
104
97
91
86
83
79
77
75
74
77
87
98
106
108
107
104
99
94
91
90
89
89
89
90
92
94
96
97
98
99
99
100
101
103
107
111
114
114
112
110
108
107
0
0
0
0
0
0
0
0
0
0
0
0
0
0
0
0
0
0
0
0
0
0
0
0
0
0
0
0
0
0
0
