0
0
0
0
0
0
0
0
0
0
0
0
0
0
0
0
0
0
0
0
0
0
0
0
0
0
0
0
0
0
0
0
0
0
0
0
0
0
0
0
0
0
0
0
0
0
0
0
0
0
0
0
0
0
0
128
127
126
125
123
122
120
118
116
114
114
114
114
114
114
114
115
116
116
116
117
120
126
132
136
138
138
137
135
133
132
131
131
132
134
138
142
147
149
149
148
145
142
137
134
130
129
132
138
144
148
150
152
153
153
0
0
143
143
142
142
140
137
134
132
129
125
122
118
114
110
106
103
102
101
100
99
98
98
98
99
99
100
101
101
102
103
104
105
106
106
106
107
109
111
113
115
117
118
119
119
118
115
111
107
103
98
95
92
90
89
88
87
86
86
86
0
0
0
0
0
0
0
0
0
0
97
97
98
99
100
101
101
102
103
104
106
106
107
108
110
111
113
114
116
117
119
119
120
119
119
118
118
117
117
117
117
117
117
116
116
115
114
112
109
106
102
98
94
90
88
86
85
109
187
292
371
398
397
397
397
398
399
400
400
400
0
0
0
0
0
0
0
0
0
0
0
0
0
0
74
74
75
76
80
89
101
109
112
112
111
110
109
105
100
99
101
105
109
111
110
110
109
