0
0
0
0
0
0
0
0
0
0
0
0
0
0
0
0
0
0
0
0
0
0
0
0
0
0
0
0
0
0
0
0
0
0
0
0
0
0
0
0
0
0
151
151
152
152
152
153
153
153
154
154
154
154
153
149
146
142
138
0
0
0
0
0
0
0
0
0
0
0
0
0
0
0
0
134
132
130
128
124
121
119
116
112
104
95
90
86
82
77
74
77
85
94
101
105
106
106
107
107
106
105
104
102
99
97
95
93
92
0
0
0
0
0
0
0
0
0
0
132
131
130
128
126
124
123
122
123
126
132
137
140
139
138
135
131
123
114
107
104
102
102
102
104
107
110
115
120
126
131
135
137
136
133
129
126
123
121
117
114
112
111
111
111
110
110
109
106
101
94
88
84
81
81
82
83
84
85
88
0
0
0
0
0
99
98
98
98
97
97
97
96
95
95
94
93
92
92
92
91
88
87
86
87
87
0
0
0
0
0
0
0
0
0
111
111
110
109
107
105
105
105
104
104
103
102
102
102
102
102
103
104
0
0
0
0
0
0
0
0
132
132
131
130
127
124
122
120
118
116
113
110
108
104
101
98
95
94
93
93
0
0
0
0
0
0
0
0
0
0
0
0
0
75
78
81
83
85
86
85
84
83
83
83
83
84
85
85
85
85
84
84
84
84
84
84
84
84
84
84
85
85
88
95
105
113
116
115
115
116
116
115
116
116
115
114
113
113
113
112
110
103
92
82
77
75
