0
0
0
0
0
0
0
0
0
0
0
0
0
0
0
0
0
0
0
0
0
0
0
0
0
0
0
0
0
0
0
0
0
112
111
110
109
108
107
107
0
0
0
0
0
0
0
0
0
0
142
142
142
142
144
145
146
147
147
147
148
148
149
149
151
151
152
152
152
151
149
146
143
140
137
132
126
122
119
120
124
130
134
133
129
125
122
119
115
110
106
102
100
98
98
97
97
97
98
98
98
100
103
105
106
106
106
105
104
102
103
108
114
117
117
113
107
101
97
95
95
96
99
102
105
107
108
108
109
109
109
111
113
117
122
125
127
127
127
126
124
122
119
116
112
108
104
100
96
93
92
92
91
91
91
93
95
98
105
0
0
0
0
0
0
96
96
96
96
96
97
98
99
100
100
101
101
100
99
98
97
97
97
97
97
98
98
99
102
107
113
117
119
119
116
112
109
109
111
114
116
118
119
0
0
0
0
0
0
0
0
0
0
0
0
0
0
0
0
0
0
0
0
0
0
0
0
0
0
0
0
0
0
0
0
0
0
0
0
0
0
0
0
