0
0
0
0
0
0
0
0
0
0
0
0
0
0
0
0
0
0
0
0
0
0
0
0
0
0
0
0
0
0
0
0
0
0
0
0
0
0
0
0
0
0
157
157
157
157
157
158
158
159
159
159
159
159
159
157
155
152
150
150
150
150
149
148
148
147
147
146
145
143
141
139
136
134
132
129
125
120
117
115
113
112
111
109
105
101
98
95
94
93
93
94
95
96
97
97
97
97
96
96
96
96
96
96
96
0
0
0
0
0
0
0
0
0
97
97
97
97
98
99
100
102
104
106
109
112
114
116
117
118
119
119
120
120
121
122
123
122
119
115
112
111
111
111
113
114
115
115
113
111
111
113
116
118
118
117
115
113
111
109
107
104
100
97
97
102
109
116
121
123
123
122
120
118
117
116
0
0
0
0
0
0
0
124
124
124
123
123
121
120
119
118
0
0
0
0
0
0
0
0
0
0
86
86
86
86
87
87
87
87
87
87
87
88
88
89
90
0
0
0
0
0
0
0
0
0
0
0
0
0
0
0
0
0
0
0
0
0
0
0
0
0
0
0
0
0
0
0
0
0
0
0
0
0
0
0
0
0
0
0
