0
0
0
0
0
0
0
0
0
0
0
0
0
0
0
0
0
0
0
0
0
0
0
0
0
0
0
0
0
0
0
0
0
0
0
0
0
0
0
0
132
132
132
132
132
134
136
140
145
149
152
154
155
156
156
155
152
146
139
132
127
122
117
113
111
109
108
106
105
104
103
102
101
99
96
94
93
92
94
99
105
110
112
113
113
111
110
110
113
119
126
132
136
136
135
134
134
134
135
136
136
136
135
135
0
0
0
0
115
115
115
116
117
117
117
116
116
115
113
111
110
109
108
107
107
106
106
0
0
0
0
0
0
0
0
0
0
0
0
0
0
120
119
119
118
117
115
113
111
108
106
104
102
101
99
98
98
99
101
103
104
105
107
111
115
119
121
122
123
124
124
124
123
121
120
120
120
120
120
120
121
122
126
130
132
128
120
111
104
100
97
95
93
93
95
99
102
105
105
103
100
97
96
96
98
100
101
103
104
104
105
105
105
0
0
0
0
129
129
129
128
128
128
128
127
127
126
125
124
122
119
117
114
112
110
107
104
101
98
95
94
93
92
90
88
87
86
86
85
85
85
84
84
84
84
84
84
84
84
85
87
91
96
101
105
108
109
110
110
0
0
0
0
0
0
80
85
92
99
111
119
121
121
121
120
117
115
114
113
112
111
110
109
104
93
77
67
60
