0
0
0
0
0
0
0
0
0
0
0
0
0
0
0
0
0
0
0
0
0
0
0
0
0
0
0
0
0
0
0
0
0
0
0
0
0
0
117
116
115
115
114
114
115
116
117
118
119
119
0
0
0
0
166
164
162
162
161
161
160
160
160
159
157
156
156
157
158
159
159
155
148
138
125
115
110
106
104
0
0
0
0
0
0
0
0
0
0
0
0
0
0
111
110
109
109
108
106
104
102
101
101
101
101
100
100
99
97
96
95
94
94
0
0
0
0
0
0
0
0
0
113
112
111
110
108
106
105
104
104
104
103
103
102
100
100
100
100
100
0
0
0
143
142
142
141
140
136
132
128
126
123
120
117
113
109
105
102
99
97
96
97
99
100
101
102
104
107
109
109
105
100
97
96
98
99
100
100
100
100
100
99
98
96
95
95
97
101
107
116
125
131
133
132
130
126
121
119
117
117
116
115
114
113
112
112
112
111
110
110
109
108
108
108
108
108
108
108
107
107
107
106
105
104
103
100
98
96
95
0
0
0
121
115
111
109
104
101
99
98
98
98
98
98
99
99
100
101
103
105
107
109
111
111
111
112
111
111
109
108
106
104
101
98
95
92
92
95
101
105
105
100
93
86
82
80
83
91
100
107
110
112
113
115
116
118
119
121
121
118
112
105
95
86
78
72
68
64
62
63
64
66
69
73
75
76
75
75
74
74
73
