0
0
0
0
0
0
0
0
0
0
0
0
0
0
0
0
0
0
0
0
0
0
0
0
0
0
0
0
0
0
0
0
0
0
0
0
0
0
0
0
0
0
0
0
0
127
126
125
125
123
122
121
121
0
0
0
0
0
0
0
0
0
163
163
163
162
162
162
162
164
165
166
166
167
167
167
167
167
166
165
163
160
156
152
152
155
159
162
162
160
157
153
150
147
146
146
146
144
140
137
134
132
130
128
125
121
119
116
111
101
88
79
77
77
78
79
80
85
93
101
105
106
105
103
100
97
95
96
100
107
117
123
126
126
125
123
121
119
117
116
115
114
113
113
113
113
113
113
113
112
112
111
112
113
116
119
120
120
120
119
117
114
109
102
96
93
93
96
102
108
112
114
114
113
111
107
103
100
99
101
103
105
107
109
110
114
118
121
121
120
118
116
114
113
112
113
114
115
116
117
117
118
119
118
115
108
99
91
85
82
81
82
84
85
86
87
87
87
87
87
87
87
88
89
91
94
0
0
0
0
0
0
0
0
0
0
0
0
0
0
