0
0
0
0
0
0
0
0
0
0
0
0
0
0
0
0
0
0
0
0
0
0
0
0
125
125
124
123
121
120
119
119
119
119
119
120
121
0
0
175
175
175
175
175
176
176
177
174
166
153
145
137
133
0
0
0
0
0
0
0
0
0
0
0
118
117
117
117
116
114
113
112
112
115
120
127
131
132
133
132
128
121
111
102
96
94
94
94
93
93
93
93
93
0
0
0
0
0
163
160
158
157
154
153
151
151
150
150
150
149
149
148
148
147
145
143
142
141
139
137
132
126
120
114
110
110
114
119
121
120
118
116
115
113
112
109
106
101
96
92
91
90
91
91
91
0
0
0
0
0
0
0
0
0
0
0
0
0
0
0
128
127
127
127
126
126
126
125
124
123
120
117
114
110
107
103
99
95
92
89
87
88
89
90
90
90
90
90
90
91
91
92
93
93
93
93
93
94
0
0
0
0
0
0
0
0
0
0
0
0
0
0
0
0
0
0
0
127
123
120
117
111
106
103
103
103
105
108
112
115
117
117
117
117
117
117
117
117
116
116
115
115
114
113
112
111
112
115
121
127
131
133
133
133
134
135
135
135
134
133
132
131
130
129
126
123
120
118
117
116
116
115
114
110
106
100
96
95
96
98
100
102
102
102
102
102
102
102
102
102
102
102
101
101
100
99
99
99
99
100
103
106
109
111
112
113
113
113
114
115
116
116
115
113
110
109
107
106
106
106
107
109
113
118
123
126
127
127
127
126
125
123
122
121
119
116
111
107
105
104
103
101
99
96
94
92
92
92
92
0
0
111
109
108
107
104
100
96
93
92
92
93
94
95
96
96
96
96
95
95
93
90
88
85
83
82
81
80
79
78
78
77
77
78
79
81
86
92
96
98
99
102
106
110
112
113
113
112
111
111
111
110
110
107
101
97
91
