0
0
0
0
0
0
0
0
0
0
0
0
0
0
0
0
0
0
0
0
0
0
0
0
0
0
0
0
131
131
131
131
131
131
130
129
128
128
130
132
134
135
134
132
131
130
130
129
129
129
130
130
131
132
133
135
137
141
147
153
157
160
161
159
156
153
151
150
149
149
0
0
0
0
0
173
171
169
166
163
159
156
153
151
149
147
0
0
0
0
0
0
0
131
130
129
129
129
129
129
129
128
125
121
119
117
117
0
0
0
0
0
130
130
130
129
128
126
124
122
120
0
0
0
0
0
0
0
0
0
0
0
0
0
140
138
137
137
135
133
131
128
126
122
118
114
110
106
102
98
95
93
92
92
92
0
0
0
93
92
91
90
88
88
88
89
90
90
90
89
88
85
83
82
81
0
0
0
0
0
0
0
0
0
0
105
105
104
104
104
104
104
0
0
0
0
0
0
0
0
0
0
0
125
125
125
125
124
122
120
118
117
116
116
117
120
123
125
125
125
123
121
119
118
117
116
115
115
115
116
117
119
121
122
122
121
119
118
116
114
112
110
109
109
109
109
109
108
106
103
100
98
96
95
95
96
101
109
118
123
126
126
127
128
129
129
130
130
130
130
130
129
128
126
122
120
119
118
0
0
0
0
0
0
0
0
0
0
0
0
123
123
123
124
125
126
126
126
124
121
117
114
111
110
110
111
113
116
119
121
122
122
123
122
122
122
121
120
119
118
116
114
113
113
113
113
113
114
114
114
112
109
105
102
99
97
95
93
92
91
91
90
89
89
89
89
89
89
88
87
84
79
74
71
72
75
78
80
80
81
84
0
0
0
0
0
0
0
0
111
111
112
112
114
116
116
116
113
108
99
94
88
