115
116
117
117
117
117
116
116
115
114
113
113
113
113
0
0
0
0
0
0
0
0
0
0
0
0
0
0
0
0
0
0
0
0
154
151
149
148
148
148
148
148
148
148
146
143
138
132
127
122
120
121
125
133
144
152
156
156
154
152
150
148
146
144
142
141
141
142
144
147
149
149
146
142
140
138
136
0
0
0
0
0
0
0
105
104
103
103
102
102
102
102
102
102
102
101
101
101
101
101
0
0
0
0
0
0
0
0
0
0
0
0
0
0
0
0
0
132
132
132
132
132
132
132
132
131
130
129
128
128
127
125
121
118
115
113
111
108
105
102
100
99
99
98
98
97
97
96
96
95
95
95
95
95
95
96
96
97
97
97
96
95
94
94
93
93
0
0
0
0
0
0
0
0
0
0
88
92
97
101
107
111
114
115
117
118
119
119
119
120
120
119
119
118
117
117
117
117
116
111
104
98
94
94
94
95
95
94
92
90
87
86
85
85
0
0
0
0
0
0
0
0
0
0
95
95
98
103
111
116
115
108
98
92
90
90
90
90
90
92
96
102
108
111
112
113
112
112
112
0
0
0
0
0
0
0
0
0
0
110
110
110
110
110
110
110
110
110
110
111
111
110
110
110
