73
74
74
75
76
77
0
0
0
0
0
0
0
0
0
0
0
0
0
0
0
0
0
0
0
0
0
0
0
0
0
0
0
0
0
0
122
122
122
122
124
126
127
127
127
127
128
129
131
136
143
151
156
159
160
160
160
162
163
164
165
165
0
0
0
0
0
161
160
159
157
155
154
152
152
152
153
155
157
159
161
161
161
161
160
158
155
151
145
139
132
125
119
113
110
107
104
100
96
95
94
93
92
91
91
91
91
91
93
95
99
103
107
112
116
120
124
128
132
136
139
141
138
133
128
124
122
119
117
117
117
117
118
118
118
118
121
124
125
124
120
116
113
113
113
114
114
113
113
114
117
119
120
121
117
105
87
70
60
56
55
54
