0
0
0
0
0
0
0
0
0
0
0
0
0
0
0
0
0
0
0
0
0
0
0
0
0
0
0
0
0
0
0
0
0
0
115
114
114
115
115
117
121
128
137
145
152
155
156
153
150
148
147
147
0
0
0
155
155
157
160
166
172
175
173
168
163
159
156
155
154
153
150
146
143
141
139
0
0
0
0
0
0
188
183
180
174
157
137
119
111
108
106
104
103
101
100
100
100
100
100
101
101
0
0
0
0
0
0
0
0
0
0
112
112
111
111
111
109
107
104
101
100
101
103
106
108
108
108
107
105
105
105
106
107
109
111
114
116
116
116
116
116
117
118
118
119
118
118
117
117
116
115
114
114
113
111
110
109
108
0
0
0
0
0
116
116
115
114
112
108
103
98
95
93
93
0
0
0
0
0
0
0
0
0
0
0
0
0
0
0
0
0
0
0
129
129
129
129
129
129
129
129
130
129
129
128
127
125
124
122
121
119
116
114
113
112
112
113
113
113
113
114
117
122
126
126
124
120
116
114
111
109
108
106
105
104
102
101
100
101
103
105
105
105
105
104
102
99
96
95
98
105
111
114
113
110
107
104
101
100
100
101
102
104
105
105
104
103
102
102
0
0
0
0
0
0
0
0
0
0
0
0
0
0
0
0
0
0
0
110
109
109
108
107
106
104
101
99
95
90
82
75
69
67
68
69
74
82
94
107
117
124
126
128
128
128
129
0
0
0
0
0
0
0
0
0
0
0
0
0
0
0
0
0
0
0
0
0
0
0
0
0
0
0
0
112
112
112
112
113
113
113
113
