0
0
0
0
0
0
0
0
0
0
0
0
0
0
0
0
0
0
0
0
0
0
0
0
0
0
0
0
0
0
0
0
0
0
0
0
0
0
0
0
121
121
121
120
118
115
112
110
111
113
116
119
121
123
129
141
153
161
162
161
159
159
159
159
158
158
157
155
154
153
152
151
0
0
0
0
0
0
0
0
160
159
158
157
154
150
147
145
143
143
143
143
144
0
0
0
0
0
133
133
133
133
133
132
130
129
128
128
128
129
129
129
127
124
121
118
115
112
109
106
104
101
100
99
98
97
96
95
93
92
92
91
92
92
92
93
95
97
99
100
100
100
0
0
0
0
0
0
0
0
100
100
100
100
100
0
0
0
0
0
0
0
0
0
0
115
114
114
113
111
109
107
105
103
101
100
100
100
100
101
101
102
102
103
104
105
107
107
108
108
108
109
112
114
115
115
114
113
111
107
98
90
85
84
84
84
84
0
0
0
0
0
0
0
0
0
0
0
107
106
105
105
104
103
102
102
102
102
0
0
0
0
0
0
0
133
126
123
121
117
115
114
112
111
109
106
103
101
99
98
96
93
91
89
88
88
87
86
86
86
87
87
87
85
83
81
81
81
81
83
86
87
88
89
0
0
0
0
0
0
0
0
0
0
0
0
0
0
0
0
0
0
0
0
0
0
0
0
0
