0
0
0
0
0
0
0
0
0
0
0
0
0
110
110
110
110
111
111
110
109
109
109
109
109
109
110
110
110
110
110
110
110
110
110
110
113
124
139
150
153
153
153
154
154
154
154
154
153
150
147
145
143
142
0
0
0
0
0
0
0
0
0
105
104
104
103
100
97
94
93
91
91
92
94
96
97
98
99
100
101
102
103
104
104
104
102
100
95
87
83
79
75
0
0
0
0
0
0
0
0
0
0
0
0
0
0
0
130
127
125
124
121
120
119
119
118
117
115
114
113
111
110
108
107
106
105
105
105
105
105
104
102
101
101
101
102
101
101
100
98
97
95
95
95
96
97
98
103
0
0
0
0
0
0
0
108
107
106
105
103
100
98
95
94
92
91
0
0
0
0
0
0
0
0
0
0
0
0
0
0
0
0
0
0
0
0
0
0
0
0
0
0
0
0
0
0
0
119
118
117
116
114
112
109
106
103
100
96
92
88
84
81
80
80
79
79
78
78
77
77
77
78
80
85
94
104
109
113
113
0
0
0
0
0
0
0
0
0
0
0
0
0
0
0
0
0
0
0
0
0
0
0
0
0
0
0
