114
114
114
114
114
114
114
114
114
114
114
113
113
112
111
110
110
110
111
111
111
111
112
112
112
112
112
112
112
114
119
122
122
119
115
112
111
110
110
110
110
0
0
0
0
155
155
154
153
152
151
149
148
147
146
145
143
142
139
137
136
136
136
0
0
0
0
0
0
0
0
0
0
0
0
0
0
149
148
148
147
144
140
134
128
122
117
112
107
105
107
111
115
116
115
111
108
107
107
106
106
105
105
105
105
107
111
117
120
121
120
119
117
115
112
111
113
119
126
131
132
128
123
120
118
118
117
117
117
117
117
0
0
0
138
137
137
135
132
127
125
124
124
123
122
121
119
118
117
116
115
114
114
114
114
114
115
115
115
115
115
115
115
0
0
0
0
0
0
0
0
155
155
154
153
151
147
143
140
139
138
134
127
119
113
111
110
109
108
107
106
105
104
103
101
99
97
96
96
95
95
94
93
92
92
92
93
0
0
0
0
0
0
0
0
0
0
0
0
0
108
107
106
105
103
102
100
98
96
94
96
105
116
123
122
117
113
112
113
113
114
113
112
110
107
103
100
100
103
106
109
110
110
110
109
108
105
101
98
96
96
99
104
108
110
110
110
110
110
110
110
0
0
0
112
112
111
111
111
111
111
111
111
113
115
118
122
125
126
127
127
127
128
128
129
129
128
126
123
121
119
119
118
119
119
119
121
0
0
0
0
0
0
0
0
0
0
0
112
112
112
112
112
111
111
111
