0
0
0
0
0
0
0
0
0
0
0
0
0
0
0
0
0
0
0
0
0
0
0
0
0
0
0
0
0
0
0
113
113
113
112
112
110
107
104
102
105
111
118
122
124
125
126
127
129
133
137
141
145
147
148
148
149
150
151
151
151
150
148
145
142
140
139
138
138
138
138
138
138
140
143
146
147
148
149
151
153
154
154
153
150
146
141
134
127
120
115
113
111
109
106
103
100
98
95
94
92
90
88
87
86
86
86
87
87
88
89
90
92
94
96
96
96
96
96
95
95
94
93
92
92
92
92
92
92
94
96
98
100
101
102
103
102
102
102
101
101
0
0
0
0
0
0
0
0
0
0
0
0
0
0
0
0
0
0
0
0
0
0
0
0
0
0
0
0
0
0
0
0
0
0
0
0
0
123
119
117
115
112
109
105
99
93
87
83
80
78
79
84
92
103
114
123
129
132
134
134
135
136
137
138
138
138
138
137
137
136
136
0
0
0
0
0
0
0
0
0
0
111
110
109
108
104
100
97
95
95
95
95
95
95
94
94
93
92
92
92
92
93
93
94
94
94
93
92
91
90
89
89
89
0
0
0
0
0
0
0
0
0
0
0
0
122
121
121
120
118
116
115
114
113
113
112
112
112
114
115
115
114
110
104
98
95
94
95
98
101
105
109
114
117
118
119
119
118
117
116
114
111
108
105
101
98
95
93
91
89
88
87
86
86
85
84
84
83
82
81
80
78
77
0
0
0
0
0
0
0
0
0
0
0
0
0
0
0
0
0
0
0
0
0
0
0
0
0
0
0
0
0
0
0
0
0
0
0
0
0
0
0
0
0
0
0
0
0
0
0
0
0
0
0
0
0
0
