0
0
0
0
0
0
0
0
0
0
0
0
0
0
0
0
0
0
0
0
0
0
0
0
0
0
0
0
0
0
0
0
0
0
0
0
0
0
0
0
0
0
0
0
0
0
0
0
0
0
0
0
0
137
137
138
138
139
141
144
147
149
151
151
150
148
146
142
138
133
129
125
124
126
130
133
132
130
125
119
114
112
111
111
113
114
115
114
111
108
105
103
102
101
101
101
100
100
99
99
99
0
0
0
0
0
0
0
0
0
0
0
0
0
0
134
134
134
134
133
134
134
134
134
134
133
133
133
133
133
0
0
0
0
0
0
0
0
0
0
0
0
121
120
120
119
117
114
110
107
105
103
102
101
100
99
97
96
94
94
93
94
94
94
0
0
0
0
0
0
0
0
0
0
0
0
0
0
0
0
0
131
131
132
132
132
132
132
130
126
120
116
112
109
0
0
0
0
0
0
0
0
0
0
0
0
122
122
122
121
121
119
117
114
112
112
113
114
114
114
114
114
113
112
112
112
0
0
0
0
116
116
116
117
118
119
119
119
119
119
119
120
121
122
123
124
125
125
126
126
127
128
129
129
129
129
127
124
120
116
112
107
102
97
92
89
85
82
79
79
80
81
81
81
81
80
78
76
75
76
78
80
81
83
88
96
103
107
109
111
112
113
113
113
0
0
0
0
0
0
0
0
0
0
0
0
0
0
0
0
0
0
0
0
0
0
0
0
0
0
