0
0
0
0
0
0
0
0
0
0
0
0
0
0
0
0
0
0
0
0
0
0
0
0
0
0
0
0
0
0
0
0
0
0
0
0
0
0
0
0
0
0
0
0
0
0
0
0
0
135
137
140
142
146
148
149
149
150
151
151
151
151
150
149
145
141
137
135
136
139
141
142
143
143
143
0
0
0
160
159
158
156
153
149
146
142
135
127
121
117
115
113
112
112
112
0
0
0
0
0
0
129
128
128
127
126
124
121
118
117
116
116
116
116
116
116
116
117
117
117
118
0
0
147
146
144
142
138
135
133
132
130
127
123
121
119
117
115
112
109
105
100
96
92
89
84
78
72
68
66
65
65
0
0
0
0
0
0
0
452
445
441
441
438
438
286
129
126
124
121
115
111
107
106
104
103
102
101
100
99
99
99
100
101
102
104
105
105
105
106
108
110
113
115
116
118
119
121
123
124
126
127
128
130
131
132
132
132
132
130
129
127
123
119
115
112
110
109
108
108
107
105
104
102
100
99
98
97
96
96
96
95
95
94
93
92
91
91
91
91
0
0
0
0
0
127
126
126
125
125
124
124
0
0
0
0
0
0
0
0
0
0
0
111
109
106
103
98
94
94
97
101
103
102
99
96
94
93
93
92
92
89
84
77
72
69
68
68
70
74
79
85
88
90
90
91
103
111
110
110
110
111
113
115
117
117
116
114
113
111
110
110
110
110
0
0
0
0
0
0
0
0
0
0
0
0
0
0
0
0
0
0
