120
119
119
118
117
117
117
117
117
117
0
0
0
0
0
0
0
0
0
0
0
0
0
0
0
0
0
0
0
0
0
0
0
0
0
0
0
0
136
137
138
140
142
144
146
148
149
151
152
153
154
154
153
150
146
143
139
136
132
130
129
129
131
137
145
154
160
163
161
157
152
147
145
147
152
158
163
166
167
166
163
159
156
156
159
164
168
169
168
165
161
158
156
154
151
148
146
146
145
145
145
146
146
146
0
0
0
0
0
0
0
0
0
0
0
0
0
0
0
0
0
0
0
0
0
0
166
164
161
157
149
139
130
124
122
122
119
113
103
95
91
91
91
93
95
98
102
106
109
108
106
104
102
102
102
102
102
102
103
103
0
0
0
132
132
132
133
133
133
133
133
133
131
130
129
128
0
0
0
0
0
0
0
0
0
0
132
131
130
129
127
125
125
125
126
127
128
128
128
128
128
128
128
128
126
125
123
123
123
124
124
125
125
124
124
124
0
0
0
0
0
0
0
0
0
0
0
0
146
145
144
144
143
146
157
172
183
187
187
187
187
187
187
187
187
187
187
187
187
187
187
0
0
0
0
0
0
0
0
0
0
0
487
487
487
486
484
482
480
478
0
0
0
125
124
124
124
124
124
124
125
125
125
126
125
125
124
124
123
122
121
121
121
121
121
120
120
120
119
119
119
119
121
124
127
131
134
136
138
138
138
137
134
132
129
125
121
115
109
103
96
90
85
82
80
79
79
79
79
79
79
0
0
0
0
0
0
0
0
0
0
0
0
0
0
0
0
0
0
0
0
0
0
0
0
0
0
0
0
0
0
0
0
0
0
0
0
0
0
0
0
0
0
0
0
