0
0
0
0
0
0
0
0
0
0
0
0
0
0
0
0
0
0
0
0
0
0
0
0
0
0
0
0
0
0
0
0
0
0
0
0
0
0
0
0
0
0
0
0
0
0
0
0
0
0
151
150
149
148
144
140
137
135
133
130
126
125
123
123
0
0
0
0
0
0
0
0
0
0
0
0
144
143
141
140
136
132
128
123
119
115
114
113
113
113
112
112
112
112
112
111
108
98
85
75
71
71
72
75
81
90
100
108
113
117
121
123
125
126
126
126
125
123
122
120
118
116
115
115
115
115
115
115
111
105
104
104
103
101
99
96
94
93
91
91
92
94
96
97
97
97
96
95
95
95
95
95
95
95
94
94
0
0
0
0
0
0
0
0
124
123
123
123
122
122
122
121
120
118
114
109
104
99
95
92
92
93
95
96
96
95
93
91
90
89
88
88
88
89
92
98
104
108
110
110
109
109
109
110
110
110
110
0
0
112
112
112
112
112
113
113
113
113
113
113
113
113
0
0
0
0
0
0
0
0
0
0
0
0
0
0
0
0
115
115
115
114
111
107
104
104
104
103
102
100
98
97
98
99
100
100
99
97
94
92
90
89
89
89
89
0
0
0
0
0
0
0
0
140
140
139
137
134
131
129
126
123
121
120
119
117
116
114
111
109
106
104
104
104
104
104
104
0
0
0
0
0
142
141
141
141
140
140
140
140
0
0
0
0
0
0
0
0
0
0
0
0
0
0
0
0
0
0
0
0
0
0
0
0
0
0
0
0
145
145
145
146
147
149
149
149
147
144
142
141
141
142
142
142
142
0
0
0
0
0
0
0
99
97
94
92
87
83
81
80
80
80
80
81
83
87
95
104
110
112
112
112
112
112
112
0
0
0
0
0
0
0
0
0
0
0
0
0
0
0
0
0
0
0
0
0
0
0
0
0
0
0
