0
0
0
0
0
0
0
117
117
117
116
115
114
112
112
112
113
113
113
114
115
115
115
114
113
111
110
110
110
110
111
113
115
116
118
118
117
115
113
112
111
111
113
121
131
138
141
141
141
141
141
141
141
141
141
141
141
141
141
140
137
133
128
124
121
117
112
110
111
114
116
115
113
110
106
102
100
97
96
94
93
92
92
91
91
0
0
0
0
0
0
0
117
117
117
117
116
115
114
113
112
112
112
112
112
113
113
115
117
119
121
122
123
123
123
123
124
124
0
0
0
0
0
0
0
0
0
0
0
0
0
0
0
0
0
0
0
0
0
0
0
0
0
116
115
114
113
110
107
107
111
116
122
126
128
128
128
128
128
129
129
130
127
115
100
88
84
84
84
84
84
85
86
91
98
105
111
116
120
123
125
127
129
129
129
129
129
129
130
130
130
129
127
124
122
121
121
122
122
123
124
125
128
130
131
131
131
130
129
128
126
124
121
118
115
111
107
103
100
98
96
95
94
94
93
91
91
91
91
267
443
443
443
443
443
0
0
0
0
0
0
0
109
109
110
110
109
108
107
107
106
106
106
107
108
111
114
117
119
121
122
124
126
126
127
128
130
131
132
132
130
125
119
111
101
91
83
77
73
71
73
78
84
89
91
91
92
92
92
92
91
90
88
87
86
87
88
89
89
90
0
0
0
0
0
0
0
0
0
113
115
118
119
121
120
118
115
114
113
114
117
120
122
124
123
121
118
115
110
105
101
99
98
98
98
98
98
98
98
99
0
0
0
0
0
0
0
0
0
140
138
137
135
132
129
127
124
121
118
117
117
117
117
118
119
121
121
121
120
119
117
115
114
113
113
112
112
112
112
112
111
119
126
125
124
123
121
118
115
112
108
103
100
100
101
104
107
109
109
108
105
103
101
101
101
102
102
102
103
103
103
103
103
104
104
106
109
111
113
113
113
114
114
114
114
113
112
110
108
105
101
97
94
93
93
93
0
0
0
0
0
0
108
106
105
105
105
105
105
104
104
103
102
101
101
100
100
99
98
98
0
0
0
0
0
0
0
0
138
135
133
132
131
130
129
128
129
129
129
127
122
117
112
110
110
109
107
104
101
98
96
95
94
94
93
92
92
90
88
87
87
88
89
92
97
0
0
0
0
0
0
0
0
0
0
0
0
0
0
0
0
0
0
0
0
0
0
0
0
0
0
0
0
0
0
0
0
0
0
0
0
0
0
0
0
0
0
0
0
0
