0
0
0
0
0
0
0
0
0
0
0
0
0
0
0
0
0
0
0
0
0
0
0
0
0
0
0
0
0
0
0
0
0
0
0
0
0
0
0
0
0
0
0
0
0
0
0
0
0
0
0
0
0
0
127
123
122
121
121
122
125
128
131
134
136
136
136
137
137
138
139
140
140
140
140
137
136
134
132
0
0
0
0
0
0
0
0
136
133
132
132
131
131
131
131
132
132
133
134
135
137
138
139
139
139
137
134
132
131
130
0
0
0
0
0
0
0
0
0
109
109
109
109
109
107
105
103
101
101
101
101
101
102
102
102
100
97
95
95
96
97
98
98
98
97
97
97
97
96
96
94
91
88
86
85
86
88
92
95
97
99
100
100
100
101
101
101
100
100
100
100
99
99
98
97
96
95
95
94
94
0
0
0
0
0
107
107
107
107
107
108
108
107
107
106
104
101
97
93
90
87
87
91
97
100
103
104
107
107
106
104
102
98
96
97
101
107
112
115
117
117
117
117
119
126
134
139
137
130
124
118
114
111
109
107
106
105
104
103
102
100
98
97
95
93
92
93
96
100
104
105
106
106
107
106
105
103
101
99
97
95
94
93
93
0
0
0
0
0
0
0
0
0
0
0
0
0
0
0
110
109
109
109
108
107
107
106
106
105
104
103
101
99
97
95
93
91
89
88
0
0
0
0
0
0
0
0
0
0
0
0
0
0
124
124
123
124
125
126
127
128
126
123
120
118
119
121
121
118
113
110
109
110
110
110
110
110
109
109
108
107
106
106
106
106
106
107
110
112
113
114
115
116
119
122
125
126
127
129
0
0
0
0
0
0
0
0
0
0
0
0
71
71
71
71
70
69
68
68
68
68
68
68
68
68
72
83
98
109
113
113
113
113
113
113
113
113
113
113
113
113
114
115
0
0
0
0
0
0
0
0
63
63
64
66
71
77
81
83
87
95
105
112
114
115
116
118
120
120
120
119
117
115
114
114
114
113
112
112
111
111
110
107
102
94
89
85
