0
0
0
0
0
0
0
0
0
0
0
0
0
0
0
0
0
0
0
0
0
0
0
0
0
0
0
0
0
0
0
0
0
0
0
0
0
0
0
0
0
0
0
0
0
0
0
0
0
0
0
0
0
0
0
0
0
0
0
0
0
0
0
0
0
0
135
133
131
129
124
120
118
118
120
123
125
126
126
124
121
119
116
115
0
0
0
0
0
0
0
0
0
0
0
0
0
152
151
151
150
148
145
140
134
130
128
127
129
130
131
133
0
0
0
0
0
0
0
119
118
117
116
114
111
108
105
103
100
98
97
99
103
107
112
115
116
116
116
114
113
112
112
112
111
111
111
109
108
105
103
103
103
103
0
0
0
0
0
0
0
0
0
0
0
0
0
131
131
132
132
133
134
134
134
133
132
130
127
124
120
114
110
105
101
98
96
95
93
91
90
88
87
87
87
87
87
87
87
88
88
89
89
90
92
92
93
94
95
96
96
96
96
97
98
99
103
0
0
0
0
0
0
0
0
0
0
0
0
0
0
0
0
0
0
0
0
0
0
0
0
0
0
0
0
0
0
0
0
0
0
0
0
0
0
0
0
113
113
113
113
114
114
115
115
116
117
118
120
121
121
121
122
121
121
121
121
122
124
125
126
125
125
124
123
122
121
120
118
115
108
101
96
94
96
98
101
102
100
99
97
95
113
132
132
131
130
128
126
125
123
121
119
116
115
116
121
129
141
157
176
193
204
210
213
214
215
216
216
215
215
215
215
0
0
0
0
0
0
0
0
0
115
114
113
113
111
110
109
108
108
108
109
108
108
108
107
106
106
106
106
105
105
103
101
99
98
97
96
96
96
0
0
0
0
0
0
0
0
0
133
133
133
132
130
128
126
124
122
121
119
118
116
113
109
105
102
98
95
92
89
87
86
86
86
89
92
96
97
96
92
88
85
84
85
86
87
87
87
87
88
88
88
89
89
89
90
90
90
90
90
90
90
90
90
91
92
93
94
95
96
97
98
99
99
100
100
99
99
98
96
93
89
86
85
85
0
0
0
0
0
0
0
0
0
0
0
0
0
0
0
0
0
0
0
0
0
0
0
0
0
0
0
0
0
0
0
0
0
0
0
0
0
0
0
0
