0
0
0
0
0
0
0
0
0
0
0
0
0
0
0
0
0
0
0
0
0
0
0
0
0
0
0
0
0
0
0
0
0
0
0
0
0
0
0
0
0
0
0
0
0
0
0
0
0
119
119
119
119
119
121
124
127
129
128
127
126
125
125
123
121
119
116
114
112
111
110
111
116
122
127
131
132
134
137
140
143
145
145
145
144
144
144
144
143
143
142
140
137
133
129
124
120
117
115
115
117
119
120
120
119
117
117
117
117
118
119
121
122
124
127
130
133
134
136
136
137
138
139
140
140
141
142
142
142
142
140
137
133
128
125
127
132
135
136
136
135
135
137
141
146
148
148
146
143
139
133
127
122
120
120
121
122
124
125
125
122
118
111
105
99
95
94
95
97
98
99
100
103
110
120
129
134
134
133
132
131
131
130
129
127
125
122
120
118
117
116
116
116
116
116
0
0
0
0
109
107
105
103
99
96
93
91
90
90
90
90
0
0
0
0
0
0
0
0
0
0
0
0
98
97
96
95
94
94
93
93
92
92
92
92
92
93
94
95
96
97
99
100
100
99
96
92
88
88
93
102
110
115
117
118
118
115
108
98
88
82
82
85
93
103
108
112
112
0
0
0
0
0
0
0
115
115
115
115
115
115
115
114
114
116
118
122
127
130
129
123
116
110
107
106
105
105
106
107
107
108
108
109
109
109
109
109
109
110
113
116
118
118
118
116
113
110
105
98
92
87
86
86
86
0
0
0
0
0
0
0
118
119
120
121
123
124
125
125
124
123
122
120
119
117
115
112
111
111
112
112
113
113
112
111
110
110
110
110
110
110
110
110
110
110
110
110
0
0
0
113
114
117
119
124
128
129
128
125
123
122
121
121
121
121
122
122
123
123
121
116
110
104
99
96
94
94
94
96
99
101
102
101
99
97
96
95
95
95
96
96
97
97
96
95
95
94
94
94
95
96
96
97
96
96
96
96
96
96
96
97
100
105
108
110
109
106
101
98
96
94
95
95
96
99
0
0
0
113
113
114
116
119
121
122
122
122
121
119
117
115
113
110
107
104
101
98
97
95
94
92
92
91
90
0
0
0
0
0
0
0
0
0
0
0
0
0
0
0
0
0
0
0
0
0
0
0
0
0
0
0
0
0
0
0
0
0
