114
115
115
116
117
118
119
120
122
123
123
124
124
0
0
0
0
0
0
0
0
0
0
0
0
0
0
0
0
0
0
0
0
0
0
0
0
0
0
0
0
0
0
0
0
115
115
117
120
125
132
137
142
144
146
148
149
149
149
149
149
150
150
151
151
151
150
148
146
142
138
133
129
125
122
119
117
116
115
114
113
112
111
111
109
106
103
100
98
97
97
99
102
105
109
111
114
117
120
123
124
124
124
122
119
116
112
108
107
105
104
104
103
104
0
0
0
0
0
0
0
0
0
0
116
114
112
111
108
105
102
101
100
100
100
100
100
100
100
99
99
99
98
98
0
0
0
0
0
0
0
0
0
0
0
0
0
0
139
137
136
134
131
126
121
117
115
114
114
114
114
115
116
117
119
123
127
130
128
120
111
105
103
105
106
107
106
103
101
100
100
100
101
101
101
102
102
102
102
103
105
107
110
112
113
114
115
117
120
123
125
127
127
128
129
129
129
129
129
129
0
0
0
0
0
0
0
0
0
0
93
93
93
93
93
94
95
98
0
0
0
0
0
0
105
104
103
101
96
92
88
87
86
86
86
85
85
85
85
85
0
0
0
0
0
0
0
0
0
0
0
0
0
0
0
0
0
0
0
0
0
0
0
0
0
0
0
0
0
0
0
0
0
0
0
0
108
108
108
108
109
110
111
111
110
108
106
107
109
112
115
116
115
114
112
111
111
114
118
119
119
117
116
116
119
126
135
141
141
138
133
129
127
126
125
125
124
124
123
122
121
119
115
110
105
100
97
96
97
100
103
107
109
110
111
111
111
111
109
108
106
103
99
94
89
83
77
70
65
63
65
71
79
87
93
96
98
99
100
100
101
101
101
0
0
0
0
0
0
0
0
0
0
127
127
126
125
122
117
111
105
99
97
96
96
96
96
97
99
102
105
109
118
127
135
138
139
139
0
0
0
0
0
0
0
0
111
111
112
114
115
116
116
115
109
102
97
97
98
98
99
98
98
98
97
96
93
90
88
88
88
89
92
97
102
108
114
118
119
118
116
113
112
111
111
110
110
108
106
104
102
99
96
94
93
92
91
91
90
89
88
88
88
89
94
98
102
103
103
105
109
114
118
120
121
122
123
123
122
121
117
114
114
117
122
124
126
129
0
0
0
0
0
0
0
0
0
0
0
0
