0
0
0
0
0
0
0
0
0
0
0
0
0
0
0
0
0
0
0
0
0
0
0
0
0
0
0
0
0
0
0
0
0
0
0
0
0
0
0
0
0
0
0
0
0
0
0
0
0
129
129
128
128
128
128
127
128
130
132
135
137
138
138
138
138
138
137
137
136
135
133
132
131
131
131
0
0
0
0
0
0
0
126
124
122
120
115
111
107
104
102
101
101
101
100
100
100
100
100
100
100
100
100
0
0
0
0
0
0
0
129
128
128
127
126
124
122
120
119
117
116
115
115
114
114
113
113
112
112
111
110
110
110
111
112
114
115
115
116
115
115
114
114
113
112
112
111
109
108
107
106
105
104
103
101
98
96
95
95
96
97
99
102
107
112
116
119
120
120
120
121
121
121
121
121
120
118
116
115
115
115
116
117
118
118
116
112
109
105
101
97
94
94
97
101
104
103
97
89
82
81
82
83
83
84
84
84
84
85
85
86
87
87
87
88
90
95
102
107
108
108
108
110
112
114
114
114
114
113
110
104
97
93
96
103
109
111
111
111
111
111
0
0
0
0
0
0
0
0
0
0
0
0
0
0
0
0
0
0
0
0
0
0
0
0
0
0
