0
0
0
0
0
0
0
0
0
0
0
0
0
0
0
0
0
0
0
0
0
0
0
0
0
0
0
0
0
0
0
0
0
0
0
0
0
0
116
115
115
114
113
111
114
122
132
140
142
143
144
145
146
148
150
153
155
155
153
149
146
144
143
144
145
146
148
0
0
0
0
0
166
165
165
164
162
160
158
157
156
156
156
156
156
156
156
156
155
155
154
152
149
146
143
141
140
140
142
146
150
154
156
157
157
156
154
151
148
143
137
130
123
117
111
106
102
99
97
96
95
95
95
96
97
99
103
107
111
114
117
119
119
119
120
119
119
118
117
115
113
111
106
96
85
78
76
79
87
98
106
110
111
112
112
111
111
110
109
0
0
0
0
0
0
0
0
0
0
0
0
0
0
