0
0
0
0
0
0
0
0
0
0
0
0
0
0
0
0
0
0
0
0
0
0
0
0
0
0
0
0
0
0
0
0
0
0
0
0
0
0
0
0
126
126
126
125
125
125
124
124
0
0
0
0
0
0
0
0
0
0
0
0
0
168
163
161
159
156
155
154
153
152
151
151
151
151
149
146
143
141
139
0
0
0
0
0
0
0
0
0
0
0
0
0
0
0
0
0
0
0
0
131
131
131
131
131
0
0
0
0
0
0
0
0
0
0
0
169
169
168
168
166
165
162
157
152
148
146
145
144
0
0
0
0
0
0
0
0
0
0
0
0
123
122
121
120
117
112
107
102
98
94
92
93
94
94
95
95
96
96
97
99
0
0
0
0
0
0
0
0
0
0
0
0
153
150
149
148
146
143
138
133
129
126
124
124
124
123
123
122
121
120
118
118
119
120
120
119
117
114
110
106
101
95
91
88
87
0
0
0
0
0
0
0
0
0
0
0
0
0
0
0
124
125
127
129
133
136
136
135
134
134
133
133
132
131
129
127
124
120
116
112
110
106
103
100
98
97
96
95
94
92
87
79
70
64
63
63
67
76
87
95
99
101
103
106
110
114
117
119
119
119
118
117
115
114
114
113
113
113
112
112
112
113
113
112
110
108
107
108
110
114
123
133
141
141
139
136
134
134
133
133
132
130
128
125
123
121
119
115
110
104
96
87
82
81
83
86
89
94
98
101
102
103
103
102
100
97
96
95
94
93
93
93
93
93
93
93
0
0
0
0
0
0
0
96
96
96
96
96
96
97
99
102
103
99
91
83
80
79
83
93
106
118
124
128
131
133
135
137
139
139
138
135
131
128
125
122
117
112
108
105
103
103
106
110
116
121
125
129
132
134
134
133
133
132
131
130
127
123
118
113
108
104
103
103
104
105
105
104
103
100
97
95
93
91
89
87
86
86
86
86
86
87
88
89
90
91
92
93
97
101
103
105
106
0
0
0
0
0
0
0
0
0
0
0
0
0
0
0
0
0
0
0
0
0
0
0
0
0
0
0
0
0
0
0
0
0
0
0
0
