0
0
0
0
0
0
0
0
0
0
0
0
0
0
0
0
0
0
0
0
0
0
0
0
0
0
0
0
0
0
0
0
0
0
0
0
0
0
0
0
0
0
0
0
0
0
0
0
0
120
120
120
119
118
117
116
118
125
134
142
145
144
143
142
141
140
139
139
140
140
139
139
139
140
142
145
150
156
161
165
166
166
165
163
158
152
147
144
143
142
0
0
0
0
0
134
133
131
129
124
118
115
112
111
0
0
0
0
0
0
0
0
124
124
123
123
121
119
116
114
112
110
110
109
109
0
0
0
0
105
104
103
103
103
103
0
0
0
0
0
0
0
0
0
0
0
0
0
0
146
145
145
143
139
135
130
127
124
121
119
116
113
111
108
106
106
106
105
105
105
105
105
105
0
0
99
98
97
96
93
89
86
85
84
84
0
0
0
0
0
0
0
0
0
0
0
0
0
0
0
0
0
0
0
0
0
0
0
0
0
0
0
0
0
0
0
0
0
0
0
0
0
0
0
0
0
0
0
0
0
0
0
0
124
124
124
124
125
127
128
128
129
129
129
130
129
129
128
127
126
126
125
124
123
122
122
121
120
120
119
118
117
116
115
113
113
113
113
114
116
118
119
120
120
120
120
120
120
119
118
117
116
115
115
114
114
112
109
107
106
106
111
118
124
128
129
129
129
128
128
126
124
122
121
118
114
111
108
108
108
108
108
108
107
105
104
104
106
109
115
121
127
131
132
131
128
123
119
117
116
116
116
117
119
120
121
121
121
120
118
116
115
115
114
113
112
111
110
110
111
112
114
116
119
121
122
122
122
120
118
115
112
109
105
101
98
95
89
81
74
71
71
74
79
84
90
94
97
98
99
99
0
0
0
0
0
0
0
0
0
0
0
0
111
111
111
111
111
112
114
117
120
122
122
120
116
112
111
112
114
115
116
116
116
0
0
0
0
0
0
0
0
0
0
0
0
0
