0
0
0
0
0
0
0
0
0
0
0
0
0
0
0
0
0
0
0
0
0
0
0
0
0
0
0
0
0
0
0
0
123
123
122
121
118
116
114
112
112
115
122
130
135
135
135
137
143
151
157
159
159
158
156
154
152
148
144
139
134
129
125
123
122
121
121
120
119
118
118
118
120
125
133
141
145
146
146
144
141
137
133
130
126
122
117
111
107
105
103
102
101
102
104
106
110
113
115
116
116
116
115
114
114
113
113
111
108
105
102
101
103
104
105
106
106
106
0
0
0
0
0
132
132
131
130
129
127
125
123
121
120
119
117
116
114
112
109
107
105
103
102
101
100
99
98
96
95
94
94
93
93
93
94
95
96
99
0
0
0
0
0
0
0
0
0
0
0
0
0
0
125
124
123
122
119
116
115
114
112
110
107
105
103
101
101
101
102
104
106
109
112
115
117
119
120
121
122
123
124
125
125
126
126
128
130
131
129
126
123
120
118
120
123
127
129
130
129
127
124
121
118
116
114
112
110
109
108
109
111
115
119
122
123
122
120
116
112
107
104
102
100
100
100
101
102
104
106
109
111
113
116
120
124
131
137
141
141
140
137
134
133
131
130
127
125
124
124
123
123
122
120
117
115
112
109
106
103
100
97
94
92
90
89
89
88
88
87
87
87
87
87
86
86
86
86
86
89
94
100
105
106
106
106
107
108
111
115
118
120
120
121
123
124
125
127
0
0
0
0
0
0
0
0
0
0
0
0
0
0
0
0
105
106
108
109
111
113
115
115
115
115
113
112
111
