0
0
0
0
0
0
0
0
0
0
0
0
0
0
0
0
0
0
0
0
0
0
0
0
0
0
0
0
0
0
0
0
0
0
0
0
0
0
0
0
0
0
0
0
0
0
0
0
130
130
131
131
132
132
131
129
128
127
127
126
125
123
122
121
120
118
117
114
113
112
112
112
112
0
0
151
151
151
150
150
148
147
145
142
139
136
132
128
124
119
114
108
103
98
91
82
73
66
65
68
75
84
91
95
97
97
98
98
99
100
100
101
101
101
102
102
103
104
104
105
105
105
105
105
104
103
103
102
101
100
100
100
100
100
100
100
100
102
109
117
123
124
123
122
122
122
122
122
122
122
0
0
0
0
0
0
0
0
0
0
90
90
90
90
89
89
88
89
88
87
86
85
85
84
82
80
79
79
82
85
88
90
93
97
102
107
111
112
113
113
113
0
0
0
0
0
0
0
0
0
0
0
0
0
0
0
0
0
0
0
0
0
0
0
0
0
0
0
