0
0
0
0
0
0
0
0
0
0
0
0
0
0
0
0
0
0
0
0
0
0
0
0
0
0
0
0
0
0
0
0
0
0
0
0
0
0
0
0
0
0
0
0
0
0
0
0
0
0
0
0
0
0
155
155
154
154
152
150
147
145
144
143
142
140
139
137
135
132
129
127
126
123
120
118
118
118
118
118
0
0
0
0
136
135
134
133
131
129
126
124
122
120
117
116
114
113
111
107
104
102
101
101
0
0
0
0
0
0
0
0
0
0
0
143
143
143
142
140
137
134
132
131
131
130
129
127
124
121
118
115
113
111
110
110
111
111
111
109
106
104
102
100
98
96
95
94
93
93
93
93
0
0
0
0
0
0
0
0
0
0
0
0
0
108
108
107
107
105
104
103
102
102
102
102
102
103
103
104
105
107
109
112
115
117
120
121
121
121
121
120
120
119
118
116
114
113
112
110
108
105
102
98
94
91
87
85
84
84
84
84
84
83
83
83
85
87
90
92
92
92
92
92
92
0
0
0
0
0
0
0
0
0
0
0
0
0
0
0
0
0
0
0
0
0
0
0
0
0
0
0
0
0
0
0
0
0
0
0
0
0
0
0
0
0
0
