0
0
0
0
0
0
0
0
0
0
0
0
0
0
0
0
0
0
0
0
0
0
0
0
0
0
0
0
0
0
0
0
0
0
0
0
0
0
0
0
0
0
0
0
0
0
0
0
0
0
0
0
0
0
0
0
124
123
123
123
123
123
123
0
0
0
0
0
0
0
0
0
0
0
0
0
154
154
153
152
150
147
144
140
137
133
130
126
123
119
116
114
112
112
112
112
112
112
112
111
111
110
109
110
116
124
130
131
130
129
127
127
126
126
125
124
122
121
119
117
114
111
108
105
103
102
102
101
101
99
98
97
99
101
102
103
104
0
0
0
0
0
0
103
102
102
102
102
102
102
101
101
101
101
100
99
97
96
95
95
95
95
95
95
0
0
0
0
0
0
0
0
0
0
0
142
142
142
143
143
144
145
146
148
149
150
149
147
143
138
132
125
119
113
108
106
105
103
100
97
94
90
86
83
82
81
81
81
81
80
79
79
79
80
81
81
82
0
0
0
0
0
0
0
0
0
0
0
0
0
0
0
0
0
0
0
0
0
0
0
0
0
0
0
0
0
0
0
0
0
0
0
0
0
0
