110
110
111
111
113
115
118
120
122
124
125
125
122
117
114
113
113
113
0
0
0
0
0
0
0
0
0
0
0
0
0
0
0
0
0
198
198
198
197
197
194
191
190
191
195
200
206
210
211
209
204
197
189
183
177
167
162
155
150
0
0
203
202
201
200
197
192
186
177
167
159
153
147
140
131
123
118
117
117
120
132
159
191
213
219
215
211
209
207
207
207
206
205
204
203
203
203
203
203
203
203
0
0
0
0
0
0
0
0
0
0
0
0
0
0
0
0
0
0
0
0
0
254
249
245
241
231
219
202
186
176
171
170
170
170
172
173
173
171
165
153
140
132
130
131
134
137
138
137
134
131
129
127
126
126
126
0
0
0
0
0
0
199
199
199
198
196
190
183
178
175
173
0
0
0
0
0
0
0
0
0
0
210
209
208
206
201
195
187
180
177
175
175
177
180
184
187
188
188
188
188
187
187
186
185
184
181
180
179
178
0
0
0
0
0
0
0
0
0
0
0
0
0
218
218
217
215
210
203
196
186
170
149
131
122
118
116
114
113
113
112
113
114
114
116
119
125
129
131
130
127
123
119
117
116
117
122
132
144
152
157
160
163
165
166
167
167
167
167
167
167
167
167
167
167
167
167
167
169
170
171
169
167
164
162
162
161
162
165
171
179
190
199
206
209
210
210
209
205
199
191
180
166
150
136
125
116
108
102
97
93
90
88
86
85
88
97
108
116
119
117
115
113
112
111
111
111
112
112
113
115
115
114
113
112
112
112
112
112
114
117
122
127
126
116
100
87
83
83
