0
0
0
0
0
0
0
0
0
0
0
0
0
0
0
0
0
0
0
0
0
0
0
0
0
0
0
0
0
0
0
0
0
0
0
0
0
192
195
200
204
213
220
224
227
230
232
234
237
241
247
253
258
261
260
258
254
248
238
224
208
193
181
171
163
157
150
143
137
133
129
126
124
125
126
129
130
131
132
132
132
132
133
133
133
134
136
141
148
155
161
168
177
184
187
188
189
190
190
187
183
178
173
165
156
149
147
149
151
154
157
162
168
175
180
181
180
176
171
167
164
161
157
152
148
145
143
142
141
141
141
140
140
139
137
136
135
135
136
138
141
145
151
157
162
165
166
166
164
161
157
154
155
160
163
165
165
166
165
164
161
159
155
151
146
140
134
130
128
127
127
128
128
129
129
129
129
129
130
130
130
131
131
132
133
134
134
135
134
134
134
134
133
133
133
134
134
134
134
135
135
0
0
235
237
240
242
247
250
253
254
254
254
252
247
239
231
223
217
209
197
183
175
167
161
0
0
0
0
0
0
0
0
0
0
140
158
176
188
206
212
212
212
212
212
212
212
212
212
212
212
212
212
212
212
212
212
0
0
0
0
0
0
0
0
0
0
0
0
0
0
0
0
0
0
0
0
0
0
0
0
0
0
0
0
0
0
0
0
0
0
0
0
0
0
0
0
0
