0
0
0
0
0
0
115
115
116
118
120
121
121
121
120
120
120
119
118
116
114
113
113
113
113
0
0
0
0
0
0
0
0
0
0
0
0
0
0
0
0
0
0
0
0
0
0
0
185
183
181
178
173
169
164
159
152
146
140
136
132
129
128
128
128
131
139
155
174
190
196
198
198
200
205
210
212
210
208
205
202
0
0
0
0
0
0
0
0
129
128
127
127
127
127
127
127
127
127
127
127
127
128
131
137
145
154
164
172
177
180
179
175
172
169
169
169
169
170
171
0
0
0
151
148
145
142
138
135
133
131
129
128
127
126
0
0
0
0
0
0
0
0
0
211
211
211
211
211
209
205
197
190
181
172
159
146
134
122
111
102
96
91
86
82
79
79
78
78
78
78
75
70
66
63
63
64
70
81
96
106
110
111
111
111
112
112
112
112
112
111
111
110
110
111
111
111
111
