0
0
0
0
0
0
0
0
0
0
0
0
0
0
0
0
0
0
0
0
0
0
0
0
0
0
0
0
0
0
0
0
0
0
0
0
0
0
0
0
230
228
227
226
225
223
221
220
219
219
219
220
220
219
216
207
195
181
168
157
150
144
138
134
132
131
131
130
130
130
131
135
140
147
157
170
184
195
200
200
196
189
178
165
152
141
131
124
119
116
115
114
0
0
0
113
113
113
113
114
116
118
121
123
123
121
117
113
110
111
113
115
116
117
118
0
0
0
200
200
201
202
203
204
203
199
192
181
169
159
154
151
150
147
142
135
129
125
122
120
118
116
112
109
107
107
110
118
136
159
177
186
187
187
187
187
185
181
174
165
156
154
160
169
175
178
178
178
178
178
178
178
178
178
178
178
178
178
0
0
0
114
114
114
113
113
112
112
115
120
126
131
133
134
133
130
126
125
125
125
123
121
119
118
117
116
145
174
178
182
185
189
188
179
163
149
140
135
134
131
129
0
0
0
0
0
0
0
0
0
163
163
162
161
159
156
153
151
148
145
140
134
123
109
95
88
86
88
97
114
134
153
169
179
184
185
186
186
186
186
0
0
0
0
0
0
0
0
0
0
0
0
133
131
128
126
121
118
116
115
114
112
110
108
107
106
104
100
98
96
97
100
105
109
112
112
112
113
114
118
124
129
132
133
133
133
133
133
134
135
137
140
144
147
150
154
161
168
176
184
192
201
212
221
228
231
232
233
232
230
229
226
222
216
208
197
185
172
160
149
139
131
123
116
111
107
103
100
96
92
89
86
85
84
85
85
85
84
81
77
74
77
88
103
113
115
115
114
113
113
113
113
112
111
110
110
110
110
110
111
111
111
111
111
112
112
111
