111
111
111
111
111
111
0
0
0
0
0
0
0
0
0
0
0
0
0
0
0
0
0
0
0
0
0
0
0
0
0
0
0
0
0
0
0
0
0
0
0
0
147
147
149
151
156
164
171
177
183
190
197
204
212
221
226
224
215
202
185
169
159
157
161
168
176
182
185
186
184
179
172
165
159
155
153
154
157
160
167
175
184
191
194
195
194
192
187
181
176
170
164
157
151
146
143
139
136
132
129
127
124
121
118
116
114
113
112
110
106
101
95
90
88
87
87
0
0
0
0
162
162
163
164
166
168
168
169
170
171
171
171
170
168
164
160
155
149
143
138
133
130
128
124
119
114
113
113
116
117
119
121
0
0
0
0
182
182
182
181
181
181
181
181
181
181
181
181
180
178
175
172
169
164
158
150
141
131
126
121
117
0
0
0
0
0
0
0
0
172
172
173
174
175
175
175
174
170
165
160
155
148
142
136
130
124
116
108
100
93
89
88
87
85
85
84
84
0
0
0
0
0
0
0
0
0
0
141
140
140
139
138
138
137
137
136
134
131
127
124
123
125
127
129
129
129
129
129
129
129
129
129
129
132
138
146
152
155
156
157
160
163
166
168
170
171
171
171
171
169
165
159
154
150
149
148
147
0
0
0
0
0
124
121
119
116
111
105
101
98
96
95
94
93
92
90
88
87
85
85
85
86
87
87
88
89
90
91
92
93
94
96
0
0
0
0
0
0
0
0
116
114
110
105
96
88
84
84
88
96
105
112
115
116
116
115
115
116
116
116
115
115
115
114
111
104
93
87
80
