0
0
0
0
0
0
0
0
0
0
0
0
0
0
0
0
0
0
0
113
112
108
102
92
84
81
81
81
81
82
82
82
82
83
83
83
83
83
83
83
81
79
76
75
75
76
78
81
82
86
96
109
121
128
134
144
157
171
184
191
192
191
187
182
174
162
151
143
136
129
125
123
124
126
128
130
140
165
197
220
227
225
222
218
212
206
200
196
195
197
201
205
208
210
210
208
203
194
184
174
168
163
159
156
153
151
151
153
157
161
164
163
159
154
149
147
146
145
0
0
0
0
0
0
0
0
0
0
0
0
199
198
198
198
197
195
192
187
181
174
166
158
151
145
141
138
138
139
140
142
147
0
0
0
0
0
0
0
0
0
0
0
0
0
0
0
0
0
0
0
0
0
0
0
0
0
0
0
0
0
0
0
0
0
0
0
0
0
0
0
0
0
0
0
0
0
148
148
148
147
146
143
140
137
137
136
136
136
136
135
133
132
128
121
115
111
111
115
124
135
142
141
136
131
127
121
114
110
107
104
0
0
0
0
0
141
143
146
149
154
157
159
162
166
170
173
174
175
175
175
174
171
166
161
154
147
140
133
126
120
113
107
102
96
90
87
85
84
84
85
87
93
99
104
107
109
110
111
113
0
0
0
0
0
0
0
0
0
0
0
0
0
0
0
0
0
0
0
112
112
113
115
118
121
124
126
129
131
132
134
136
137
137
136
134
132
130
128
125
122
119
116
117
121
131
142
155
166
174
179
181
182
180
176
168
164
159
155
0
0
0
0
0
0
0
145
141
136
131
121
113
109
108
108
108
109
109
109
110
110
110
110
110
113
117
120
121
121
121
121
120
119
119
117
115
114
113
113
113
115
122
132
139
141
139
134
125
117
113
116
127
143
156
162
163
162
159
155
151
146
140
131
121
113
108
111
116
120
121
121
119
116
115
117
125
136
146
151
155
159
162
166
169
171
172
172
170
167
163
159
154
148
141
132
124
117
114
114
115
116
117
118
118
0
0
0
0
0
0
0
0
0
0
0
0
0
213
213
213
213
212
212
210
206
201
196
189
181
172
161
149
140
133
126
116
107
99
94
91
88
86
84
84
84
84
85
85
87
90
92
94
94
94
94
94
0
0
0
0
0
0
0
0
0
0
0
0
0
0
0
0
0
0
0
0
0
0
0
0
0
0
0
0
