0
0
0
0
0
0
0
0
0
0
0
0
0
0
0
0
0
0
0
0
0
0
0
0
0
0
0
0
0
0
0
0
0
0
0
0
0
0
0
0
0
0
0
0
0
0
0
0
198
196
193
189
180
169
162
156
152
0
0
0
0
0
0
0
0
0
0
224
224
222
220
217
213
211
210
209
208
208
208
208
207
206
203
198
186
168
150
140
142
156
176
191
195
193
187
181
175
172
170
169
170
171
173
175
176
176
178
185
197
205
207
202
195
188
183
181
178
176
173
169
164
158
151
144
137
129
122
118
116
114
0
0
0
0
0
0
0
0
0
0
162
163
165
168
173
179
184
187
188
188
187
185
182
178
175
170
164
157
149
140
131
123
115
108
103
97
89
82
77
74
73
72
71
0
0
0
0
0
0
0
0
0
0
0
0
0
0
0
0
0
0
0
0
0
0
0
0
0
0
114
114
114
114
116
118
120
119
118
117
116
115
115
114
114
114
114
114
115
117
120
123
127
130
130
129
129
128
127
126
125
124
124
126
128
131
132
132
132
131
129
129
129
130
131
131
131
130
128
127
126
125
0
0
0
0
0
0
0
0
0
0
0
0
0
0
0
0
0
0
157
158
160
162
166
169
172
174
175
176
177
178
179
180
180
179
176
171
167
162
160
157
156
0
0
0
0
0
0
0
0
0
0
160
157
154
152
148
144
140
141
148
161
173
179
180
180
180
178
174
168
162
159
158
158
0
0
0
0
0
0
141
136
133
131
126
124
122
121
120
121
123
125
128
130
131
129
126
123
121
119
117
115
112
111
111
111
111
111
111
111
111
111
111
0
0
0
0
0
0
0
0
0
0
0
177
176
174
172
168
163
158
153
147
140
133
128
124
120
115
111
109
108
105
102
99
97
98
101
104
106
108
109
111
113
116
120
122
123
124
126
127
129
129
128
125
123
121
120
0
0
0
0
0
0
0
0
0
0
0
0
0
0
0
0
161
161
161
160
160
160
160
159
159
158
156
154
153
152
151
151
151
151
150
150
149
148
148
147
145
144
140
137
135
134
134
0
0
0
0
0
151
150
149
147
144
140
134
128
125
124
124
125
127
133
141
151
163
174
183
187
187
186
185
184
184
184
0
0
0
0
0
0
0
0
0
0
0
147
144
143
142
140
140
139
138
0
0
0
0
0
111
110
109
107
104
100
97
94
93
92
91
90
90
89
89
89
89
89
89
89
89
0
0
0
0
0
0
0
0
0
0
0
0
0
0
0
0
0
0
0
0
0
0
0
0
0
0
108
108
109
110
110
111
110
110
110
110
110
111
110
110
110
