83
84
83
83
82
81
81
81
82
82
82
0
0
0
0
0
0
0
0
0
0
0
0
0
0
0
0
0
0
0
0
0
0
0
0
0
0
0
0
0
0
0
0
190
190
192
193
196
198
200
201
202
201
199
197
195
194
194
194
194
195
197
200
202
203
203
202
201
199
198
0
0
0
0
0
0
0
180
178
176
172
165
157
151
146
140
138
135
134
0
0
0
143
142
141
139
134
130
127
125
0
0
0
0
0
0
0
182
182
182
182
182
182
181
180
179
178
177
175
172
169
166
163
161
158
156
154
152
151
151
154
157
162
166
169
171
172
172
171
169
167
164
161
158
156
153
150
147
143
139
134
130
127
125
125
124
124
124
125
127
131
137
145
154
162
168
172
175
178
182
186
189
190
188
184
179
173
166
158
151
146
145
144
140
135
130
126
124
121
118
112
105
97
92
89
88
89
91
94
97
100
101
102
102
102
103
103
104
105
106
107
110
114
119
124
128
130
128
124
121
119
118
118
118
0
0
0
0
0
0
0
0
0
0
0
0
0
0
0
0
0
0
0
0
0
0
0
0
0
0
0
0
0
0
0
0
0
0
0
0
0
0
0
0
0
0
0
0
