0
0
0
0
0
0
0
0
0
0
0
0
0
0
0
0
0
0
0
0
0
0
0
0
0
0
0
0
0
0
0
0
0
0
0
0
0
0
0
0
0
0
0
0
176
177
178
180
184
189
194
200
207
215
223
227
229
228
226
224
222
222
223
224
227
0
0
0
0
253
249
246
244
238
233
229
227
225
223
221
219
219
219
219
221
224
227
230
231
231
230
225
218
209
203
201
200
200
203
208
214
220
223
224
220
215
208
199
188
172
155
139
127
117
110
104
101
99
98
98
101
106
114
124
135
144
152
160
169
176
183
187
189
190
189
189
189
189
189
190
0
0
0
0
0
0
0
0
0
0
0
0
0
0
0
0
124
124
123
124
123
123
123
122
121
120
120
