0
0
0
0
0
0
0
0
0
0
0
229
230
231
231
233
233
233
233
232
231
231
230
230
0
0
0
0
246
245
245
245
245
245
245
245
246
246
238
214
180
149
132
124
121
120
120
120
122
128
136
140
139
133
127
124
121
120
0
0
0
0
0
0
0
0
142
142
142
141
138
134
130
126
123
121
120
119
117
116
115
114
113
112
109
107
105
104
104
0
0
0
0
0
0
0
0
0
0
0
0
198
198
197
196
194
192
189
188
186
185
184
182
178
170
161
154
153
157
163
166
169
169
0
0
0
190
189
188
188
187
185
181
175
166
157
147
140
134
127
115
101
90
85
84
85
86
88
90
93
98
103
109
113
116
118
119
119
119
119
119
119
120
122
124
125
126
126
125
123
121
120
119
119
123
130
140
148
154
157
160
162
162
161
160
160
161
161
161
160
159
159
159
159
159
159
159
158
158
158
158
157
157
157
156
155
153
151
148
147
145
144
142
140
138
137
137
0
0
0
0
143
143
143
143
143
142
141
140
138
137
136
136
136
137
137
138
138
139
140
143
148
156
165
176
187
194
198
198
198
197
192
184
172
156
140
125
114
107
103
100
99
99
101
104
106
110
114
115
111
104
96
91
89
89
90
90
90
88
83
78
75
73
