115
116
116
118
118
119
118
118
118
118
118
118
0
0
0
0
0
0
0
0
0
0
0
0
0
0
0
0
0
0
0
0
0
0
0
0
149
147
146
144
142
139
138
136
135
0
0
0
0
0
0
0
0
0
0
216
216
216
215
214
212
210
207
203
197
191
183
174
165
156
150
145
141
136
132
126
120
117
113
110
0
0
0
0
400
397
396
396
395
394
393
375
323
255
203
185
183
182
181
180
178
175
170
164
155
143
132
124
120
119
118
117
116
114
113
0
0
0
0
137
137
137
137
136
135
134
134
133
133
133
133
133
133
133
133
133
132
129
125
123
124
129
134
138
140
141
141
142
142
141
139
137
135
133
132
131
131
131
131
131
0
0
215
216
217
219
222
227
233
239
243
244
243
241
240
240
240
240
241
243
0
0
0
0
120
120
117
112
104
95
89
86
84
84
85
86
87
87
86
84
83
84
86
89
92
94
95
96
96
96
0
0
0
0
0
0
0
0
0
0
0
0
0
0
0
0
0
0
0
0
0
0
0
0
