0
0
0
0
0
0
0
0
0
0
0
0
0
0
0
0
0
0
0
0
0
0
0
0
0
0
0
0
0
0
0
0
0
0
0
0
196
195
192
189
181
174
168
164
161
159
157
157
159
163
171
180
187
193
201
211
221
231
239
246
252
256
258
259
259
259
258
257
255
254
256
261
266
267
263
256
250
248
248
248
248
248
248
248
248
248
248
248
248
248
248
248
248
248
248
248
248
248
248
248
248
242
225
202
185
178
178
177
175
173
171
170
170
170
171
177
184
189
190
188
186
185
185
185
186
186
186
187
187
187
187
187
187
187
187
187
187
187
187
187
187
187
187
187
187
187
187
187
187
187
187
187
187
187
187
187
187
187
187
187
191
205
225
240
245
244
242
237
231
227
225
225
0
0
0
0
0
0
0
0
0
0
105
101
99
95
88
81
76
74
74
74
75
77
80
83
85
87
89
91
92
93
94
95
95
95
95
95
0
0
0
0
0
0
0
122
122
122
122
121
121
119
118
116
115
115
114
113
112
112
111
112
112
112
112
112
112
0
0
