0
0
0
0
0
0
0
0
0
0
0
0
0
0
0
0
0
0
0
0
0
0
0
0
0
0
0
0
0
0
0
0
0
0
0
0
0
0
0
137
143
151
158
170
177
179
177
174
171
168
168
170
173
175
177
179
182
186
190
194
199
205
211
216
218
219
217
215
212
210
208
205
201
196
189
181
176
173
172
172
172
170
166
160
156
153
152
0
0
0
0
0
0
0
0
224
223
222
222
221
218
213
205
195
184
172
160
151
146
144
143
140
135
128
121
117
114
111
110
109
108
107
106
107
108
110
114
120
128
132
133
132
131
128
124
122
122
124
128
133
139
145
148
150
149
148
147
146
0
0
0
0
0
0
0
0
0
199
192
187
181
170
162
157
156
156
156
157
158
159
159
159
160
160
160
160
159
157
155
151
148
146
145
143
140
138
138
138
139
141
144
146
148
146
146
144
143
0
0
0
0
0
0
0
0
0
0
0
0
0
0
0
0
0
218
218
217
215
210
204
199
195
191
185
176
165
153
141
130
121
113
107
101
98
95
93
91
91
90
90
0
0
0
0
0
0
0
0
0
0
0
0
0
0
0
0
0
0
0
0
0
0
0
0
0
0
0
0
0
0
0
0
0
0
0
0
0
0
0
0
0
