0
0
0
0
0
0
0
0
0
0
0
0
0
0
0
0
0
0
0
0
0
0
0
0
0
0
0
0
0
0
0
211
210
207
203
200
195
191
0
0
0
0
0
0
0
0
0
0
0
0
0
245
243
242
241
240
237
234
230
228
226
226
228
230
231
232
232
231
231
231
230
229
228
226
221
214
207
202
201
202
204
205
206
207
208
210
0
0
0
0
0
0
0
0
0
0
0
257
256
255
255
253
251
248
243
240
237
236
0
0
0
0
0
0
0
0
0
0
0
131
130
130
130
129
127
126
124
123
121
119
117
117
117
117
0
0
0
0
0
0
0
0
0
0
0
0
0
0
0
0
0
0
214
213
212
209
204
199
194
191
188
185
178
166
158
150
145
0
0
0
0
0
181
176
172
168
161
155
151
150
150
150
150
149
146
142
139
138
139
141
143
146
148
149
150
0
0
0
0
0
0
0
0
0
0
0
0
0
0
0
222
220
218
216
213
211
211
211
211
211
210
207
203
198
193
187
185
182
180
0
0
0
0
203
202
201
199
192
180
162
147
139
141
152
167
178
179
170
157
146
144
154
175
198
215
224
228
230
232
233
235
239
244
247
246
244
241
238
234
233
235
239
243
244
244
244
243
0
0
0
0
0
112
110
109
108
105
102
98
94
90
86
83
82
82
83
83
84
87
90
94
98
100
101
102
103
104
104
105
0
0
0
0
0
0
0
0
0
0
0
0
0
0
0
0
0
0
0
0
0
0
0
0
0
0
0
0
0
0
0
0
0
0
0
0
0
