0
0
0
0
0
0
0
0
0
0
0
0
0
0
0
0
0
0
0
0
0
0
0
0
0
0
0
0
0
0
0
0
0
0
0
0
0
0
0
0
0
0
0
0
0
0
249
249
249
249
248
246
243
237
230
223
213
202
188
174
162
154
148
144
138
133
132
139
154
171
181
182
178
172
167
164
162
161
159
158
157
157
157
157
157
156
154
151
148
144
140
138
138
139
142
146
149
149
147
144
139
131
123
119
116
116
0
0
0
0
191
189
187
186
182
179
175
172
169
168
168
166
159
150
141
134
130
126
121
118
117
117
118
121
125
129
131
130
129
128
128
126
122
115
110
109
112
117
122
125
127
127
127
127
127
127
128
130
0
0
0
0
0
168
167
166
166
164
163
161
159
157
154
149
143
138
135
133
132
131
130
128
127
126
125
0
0
0
0
0
0
0
0
0
0
0
0
175
175
174
173
172
170
167
163
158
150
141
132
124
117
112
108
104
101
99
98
97
97
0
0
0
0
0
0
0
0
0
0
0
0
0
0
0
0
0
0
0
0
0
0
0
0
0
0
0
0
0
0
0
0
0
0
120
120
120
120
120
119
117
115
113
112
110
110
110
110
